1791519824 gw-search-role-w1 82601979 1884545024 371356035 11689838641
1791519829 gw-search-role-w1 82608493 1884549120 371356097 11689840631
1791519834 gw-search-role-w1 82617333 1884553216 371356184 11689842572
1791519839 gw-search-role-w1 82622019 1884553216 371356245 11689844548
1791519844 gw-search-role-w1 82628237 1884553216 371356296 11689846528
1791519849 gw-search-role-w1 82632342 1884553216 371356330 11689848515
1791519855 gw-search-role-w1 82640369 1884557312 371356489 11689850392
1791519860 gw-search-role-w1 82658358 1884557312 371356565 11689852346
1791519865 gw-search-role-w1 82668043 1884643328 371356618 11689854323
1791519870 gw-search-role-w1 82674623 1884643328 371356672 11689856295
1791519875 gw-search-role-w1 82686213 1884643328 371356716 11689858286
1791519880 gw-search-role-w1 82695132 1884647424 371356755 11689860278
1791519885 gw-search-role-w1 82700462 1884647424 371356788 11689862279
1791519890 gw-search-role-w1 82718459 1884651520 371357128 11689863963
1791519895 gw-search-role-w1 82723758 1884651520 371357345 11689865774
1791519901 gw-search-role-w1 82730878 1884651520 371357501 11689867653
1791519906 gw-search-role-w1 82737391 1884655616 371357542 11689869649
1791519911 gw-search-role-w1 82743886 1884655616 371357595 11689871628
1791519916 gw-search-role-w1 82748628 1884655616 371357635 11689873620
1791519921 gw-search-role-w1 82754727 1884655616 371357851 11689875422
1791519926 gw-search-role-w1 82763073 1884655616 371357893 11689877401
1791519931 gw-search-role-w1 82767282 1884659712 371358027 11689879292
1791519936 gw-search-role-w1 82773969 1884659712 371358196 11689881153
1791519942 gw-search-role-w1 82778342 1884659712 371358343 11689883031
1791519947 gw-search-role-w1 82786667 1884659712 371358380 11689885027
1791519952 gw-search-role-w1 82791172 1884659712 371358462 11689886967
1791519957 gw-search-role-w1 82802384 1884749824 371358502 11689888952
1791519962 gw-search-role-w1 82806382 1884749824 371358564 11689890913
1791519967 gw-search-role-w1 83459583 1887199232 371358768 11689892732
1791519972 gw-search-role-w1 90081121 1934266368 371359574 11689893946
1791519977 gw-search-role-w1 96260405 1978007552 371360222 11689895321
1791519982 gw-search-role-w1 101843215 2002006016 371360874 11689896694
1791519987 gw-search-role-w1 108347673 2017427456 371361609 11689897976
1791519993 gw-search-role-w1 113765651 2017976320 371362224 11689899388
1791519998 gw-search-role-w1 119296896 2025140224 371362808 11689900824
1791520003 gw-search-role-w1 124325948 2086289408 371363469 11689902186
1791520008 gw-search-role-w1 125321329 2094080000 371363730 11689903950
1791520013 gw-search-role-w1 125361219 2094116864 371363943 11689905763
1791520018 gw-search-role-w1 125367709 2094116864 371364189 11689907550
1791520023 gw-search-role-w1 125371962 2094116864 371364335 11689909437
1791520028 gw-search-role-w1 125377996 2094120960 371364470 11689911335
1791520034 gw-search-role-w1 125382739 2094120960 371364634 11689913202
1791520039 gw-search-role-w1 129574348 2409455616 371365359 11689914498
1791520044 gw-search-role-w1 136034482 2879184896 371366061 11689915825
1791520049 gw-search-role-w1 139524144 2673377280 371366500 11689917429
1791520054 gw-search-role-w1 139530424 2673377280 371366716 11689919255
1791520059 gw-search-role-w1 139575727 2407440384 371366805 11689921199
1791520064 gw-search-role-w1 139580502 2407440384 371366850 11689923189
1791520069 gw-search-role-w1 139586025 2407440384 371367033 11689925030
1791520075 gw-search-role-w1 139586872 2407440384 371367111 11689926977
1791520080 gw-search-role-w1 139587499 2407440384 371367173 11689928947
1791520085 gw-search-role-w1 139588149 2407440384 371367219 11689930933
1791520090 gw-search-role-w1 139588680 2407440384 371367480 11689932696
1791520095 gw-search-role-w1 139589138 2407440384 371367541 11689934667
1791520100 gw-search-role-w1 139589881 2407440384 371367593 11689936648
1791520105 gw-search-role-w1 139593634 2407440384 371367666 11689938589
1791520110 gw-search-role-w1 139594300 2407436288 371367730 11689940554
1791520116 gw-search-role-w1 139595109 2407436288 371367768 11689942559
1791520121 gw-search-role-w1 139595603 2407436288 371367807 11689944552
1791520126 gw-search-role-w1 139596323 2407436288 371367844 11689946559
1791520131 gw-search-role-w1 139597027 2407436288 371367970 11689948462
1791520136 gw-search-role-w1 139597784 2407436288 371368158 11689950295
1791520141 gw-search-role-w1 139598343 2407436288 371368255 11689952220
1791520146 gw-search-role-w1 139599713 2407436288 371368429 11689954083
1791520151 gw-search-role-w1 140680725 2034515968 371368593 11689955956
1791520157 gw-search-role-w1 140681429 2034515968 371368749 11689957829
1791520162 gw-search-role-w1 140682550 2034515968 371368947 11689959665
1791520167 gw-search-role-w1 140691648 2034520064 371369080 11689961561
1791520172 gw-search-role-w1 140692336 2034520064 371369144 11689963523
1791520177 gw-search-role-w1 140692991 2034520064 371369176 11689965522
1791520182 gw-search-role-w1 140693814 2034520064 371369290 11689967442
1791520187 gw-search-role-w1 140694341 2034520064 371369325 11689969441
1791520192 gw-search-role-w1 140694984 2034520064 371369541 11689971251
1791520198 gw-search-role-w1 140702636 2034520064 371369582 11689973246
1791520203 gw-search-role-w1 140702941 2034520064 371369649 11689975217
1791520208 gw-search-role-w1 140703726 2034520064 371369693 11689977204
1791520213 gw-search-role-w1 140704025 2034520064 371369727 11689979196
1791520218 gw-search-role-w1 140704753 2034520064 371369765 11689981184
1791520223 gw-search-role-w1 140706644 2034520064 371369985 11689982991
1791520228 gw-search-role-w1 140707157 2034520064 371370246 11689984763
1791520233 gw-search-role-w1 140707972 2034520064 371370310 11689986727
1791520238 gw-search-role-w1 140708568 2034520064 371370466 11689988602
1791520244 gw-search-role-w1 140709103 2034520064 371370503 11689990594
1791520249 gw-search-role-w1 140709629 2034520064 371370533 11689992588
1791520254 gw-search-role-w1 141639351 2024615936 371370716 11689994425
1791520259 gw-search-role-w1 141639654 2024615936 371370935 11689996233
1791520264 gw-search-role-w1 141640265 2024615936 371371004 11689998193
1791520269 gw-search-role-w1 141640593 2024620032 371371038 11690000193
1791520274 gw-search-role-w1 141641163 2024620032 371371183 11690002075
1791520279 gw-search-role-w1 141641684 2024620032 371371234 11690004058
1791520284 gw-search-role-w1 141657899 2024726528 371371375 11690005936
1791520290 gw-search-role-w1 141658421 2024726528 371371434 11690007912
1791520295 gw-search-role-w1 141658850 2024730624 371371471 11690009907
1791520300 gw-search-role-w1 141659404 2024730624 371371505 11690011904
1791520305 gw-search-role-w1 141659770 2024730624 371371545 11690013896
1791520310 gw-search-role-w1 141660277 2024734720 371371696 11690015778
1791520315 gw-search-role-w1 141660754 2024734720 371371772 11690017718
1791520320 gw-search-role-w1 141661222 2024734720 371371831 11690019687
1791520325 gw-search-role-w1 141661706 2024738816 371371872 11690021678
1791520331 gw-search-role-w1 143239086 2039787520 371372053 11690023525
1791520336 gw-search-role-w1 152080310 2129788928 371373050 11690024552
1791520341 gw-search-role-w1 160540927 2159960064 371373960 11690025674
1791520346 gw-search-role-w1 166157805 2195193856 371374611 11690027050
1791520351 gw-search-role-w1 173860557 2211856384 371375571 11690028115
1791520356 gw-search-role-w1 181739548 2239229952 371376631 11690029079
1791520361 gw-search-role-w1 187780491 2259021824 371377604 11690030136
1791520366 gw-search-role-w1 195486361 2283573248 371378418 11690031344
1791520371 gw-search-role-w1 202191951 2286428160 371379159 11690032629
1791520377 gw-search-role-w1 209363714 2294517760 371380166 11690033650
1791520382 gw-search-role-w1 217156816 2292736000 371381210 11690034631
1791520387 gw-search-role-w1 222280377 2294247424 371381874 11690035991
1791520392 gw-search-role-w1 226818276 2293530624 371382637 11690037255
1791520397 gw-search-role-w1 226853158 2293501952 371382816 11690039104
1791520402 gw-search-role-w1 228055884 2293518336 371383190 11690040754
1791520407 gw-search-role-w1 233539363 2298900480 371383921 11690042047
1791520412 gw-search-role-w1 238391373 2296557568 371384449 11690043546
1791520417 gw-search-role-w1 243426438 2313060352 371384991 11690045034
1791520423 gw-search-role-w1 250031221 2328076288 371385709 11690046347
1791520428 gw-search-role-w1 254151615 2326016000 371386164 11690047917
1791520433 gw-search-role-w1 259041159 2323189760 371386688 11690049419
1791520438 gw-search-role-w1 264282606 2331316224 371387308 11690050831
1791520443 gw-search-role-w1 269309588 2324926464 371387961 11690052205
1791520448 gw-search-role-w1 273228319 2324680704 371388431 11690053763
1791520453 gw-search-role-w1 277747423 2327605248 371388992 11690055229
1791520458 gw-search-role-w1 281751232 2325110784 371389427 11690056817
1791520464 gw-search-role-w1 284019766 2331590656 371389780 11690058497
1791520469 gw-search-role-w1 284045317 2331570176 371389907 11690060388
1791520474 gw-search-role-w1 284045980 2331570176 371389967 11690062351
1791520479 gw-search-role-w1 284046585 2331570176 371390116 11690064231
1791520484 gw-search-role-w1 284047070 2331570176 371390156 11690066225
1791520489 gw-search-role-w1 284047823 2331570176 371390192 11690068217
1791520494 gw-search-role-w1 284048507 2331570176 371390264 11690070173
1791520499 gw-search-role-w1 284049045 2331570176 371390332 11690072142
1791520505 gw-search-role-w1 284049658 2331566080 371390475 11690074036
1791520510 gw-search-role-w1 284049972 2331566080 371390507 11690076034
1791520515 gw-search-role-w1 284051023 2331566080 371390574 11690077998
1791520520 gw-search-role-w1 284051625 2331566080 371390613 11690080005
1791520525 gw-search-role-w1 284053441 2331566080 371390711 11690081933
1791520530 gw-search-role-w1 284053986 2331566080 371390769 11690083917
1791520535 gw-search-role-w1 284054435 2331566080 371390803 11690085915
1791520540 gw-search-role-w1 284055054 2331566080 371390836 11690087908
1791520545 gw-search-role-w1 284946091 2040856576 371390955 11690089816
1791520551 gw-search-role-w1 284946694 2040856576 371391000 11690091793
1791520556 gw-search-role-w1 284947298 2040856576 371391078 11690093740
1791520561 gw-search-role-w1 284948014 2040856576 371391141 11690095713
1791520566 gw-search-role-w1 284948385 2040856576 371391180 11690097703
1791520571 gw-search-role-w1 284948945 2040856576 371391214 11690099703
1791520576 gw-search-role-w1 284949422 2040856576 371391276 11690101680
1791520581 gw-search-role-w1 284955677 2040889344 371391327 11690103656
1791520586 gw-search-role-w1 284958284 2040889344 371391401 11690105618
1791520591 gw-search-role-w1 284958563 2040889344 371391464 11690107595
1791520597 gw-search-role-w1 284959199 2040889344 371391489 11690109598
1791520602 gw-search-role-w1 284959788 2040889344 371391531 11690111594
1791520607 gw-search-role-w1 284960441 2040889344 371391575 11690113604
1791520612 gw-search-role-w1 284965887 2040901632 371391629 11690115586
1791520617 gw-search-role-w1 292500643 2109452288 371392431 11690116809
1791520622 gw-search-role-w1 299010809 2150588416 371393153 11690118115
1791520627 gw-search-role-w1 305197198 2177417216 371393802 11690119490
1791520632 gw-search-role-w1 312175881 2198683648 371394563 11690120752
1791520638 gw-search-role-w1 318671906 2259578880 371395238 11690122111
1791520643 gw-search-role-w1 324605909 2286788608 371395896 11690123478
1791520648 gw-search-role-w1 331650718 2306084864 371396665 11690124746
1791520653 gw-search-role-w1 338345082 2322735104 371397398 11690126038
1791520658 gw-search-role-w1 344824923 2348490752 371398088 11690127371
1791520663 gw-search-role-w1 352486371 2365022208 371398892 11690128596
1791520668 gw-search-role-w1 358891797 2368598016 371399573 11690129945
1791520673 gw-search-role-w1 365291366 2364338176 371400276 11690131273
1791520678 gw-search-role-w1 365328133 2364305408 371400357 11690133218
1791520684 gw-search-role-w1 365418047 2364313600 371400431 11690135174
1791520689 gw-search-role-w1 370766961 2371780608 371401010 11690136625
1791520694 gw-search-role-w1 376668192 2371379200 371401647 11690138012
1791520699 gw-search-role-w1 380424907 2369019904 371402044 11690139646
1791520704 gw-search-role-w1 384468314 2369978368 371402518 11690141202
1791520709 gw-search-role-w1 389620570 2371792896 371403101 11690142653
1791520714 gw-search-role-w1 393797509 2369490944 371403559 11690144225
1791520719 gw-search-role-w1 398493210 2372251648 371404068 11690145740
1791520724 gw-search-role-w1 402229495 2372902912 371404491 11690147350
1791520730 gw-search-role-w1 406921225 2371715072 371404997 11690148884
1791520735 gw-search-role-w1 411106561 2373718016 371405460 11690150446
1791520740 gw-search-role-w1 415552616 2388525056 371405974 11690151954
1791520745 gw-search-role-w1 419294134 2394112000 371406415 11690153540
1791520750 gw-search-role-w1 419314529 2394095616 371406446 11690155535
1791520755 gw-search-role-w1 419318722 2394095616 371406499 11690157522
1791520760 gw-search-role-w1 419319245 2394095616 371406537 11690159523
1791520765 gw-search-role-w1 420362874 2052329472 371406696 11690161388
1791520770 gw-search-role-w1 420363344 2052329472 371406780 11690163333
1791520776 gw-search-role-w1 420363738 2052329472 371406811 11690165334
1791520781 gw-search-role-w1 420364179 2052325376 371406849 11690167325
1791520786 gw-search-role-w1 420364512 2052325376 371406881 11690169336
1791520791 gw-search-role-w1 420365253 2052325376 371406929 11690171334
1791520796 gw-search-role-w1 420365699 2052325376 371406980 11690173314
1791520801 gw-search-role-w1 420366245 2052325376 371407068 11690175261
1791520806 gw-search-role-w1 420366597 2052325376 371407116 11690177257
1791520811 gw-search-role-w1 420367118 2052325376 371407151 11690179256
1791520817 gw-search-role-w1 420367678 2052325376 371407187 11690181258
1791520822 gw-search-role-w1 420369641 2052325376 371407239 11690183244
1791520827 gw-search-role-w1 420372018 2052333568 371407288 11690185232
1791520832 gw-search-role-w1 420372353 2052333568 371407371 11690187183
1791520837 gw-search-role-w1 420372878 2052333568 371407401 11690189185
1791520842 gw-search-role-w1 420382377 2052337664 371407443 11690191183
1791520847 gw-search-role-w1 420383188 2052337664 371407475 11690193188
1791520852 gw-search-role-w1 420383935 2052337664 371407539 11690195166
1791520858 gw-search-role-w1 420385119 2052337664 371407615 11690197124
1791520863 gw-search-role-w1 420386265 2052337664 371407671 11690199109
1791520868 gw-search-role-w1 420386638 2052337664 371407706 11690201107
1791520873 gw-search-role-w1 420387278 2052337664 371407758 11690203087
1791520878 gw-search-role-w1 420387627 2052337664 371407795 11690205081
1791520883 gw-search-role-w1 420415704 2052485120 371407857 11690207054
1791520888 gw-search-role-w1 420416056 2052485120 371407932 11690209019
1791520893 gw-search-role-w1 420421304 2052497408 371407992 11690210993
1791520899 gw-search-role-w1 426488819 2100080640 371408603 11690212417
1791520904 gw-search-role-w1 434411044 2160410624 371409450 11690213602
1791520909 gw-search-role-w1 442276263 2185674752 371410295 11690214787
1791520914 gw-search-role-w1 448945146 2192289792 371411004 11690216113
1791520919 gw-search-role-w1 457764528 2217603072 371411950 11690217195
1791520924 gw-search-role-w1 463249350 2221252608 371412569 11690218605
1791520929 gw-search-role-w1 471209516 2251710464 371413373 11690219823
1791520934 gw-search-role-w1 479570286 2255470592 371414259 11690220976
1791520939 gw-search-role-w1 484581882 2252177408 371414804 11690222455
1791520945 gw-search-role-w1 493361185 2251210752 371415725 11690223557
1791520950 gw-search-role-w1 500682896 2253074432 371416535 11690224786
1791520955 gw-search-role-w1 506446158 2259537920 371417159 11690226182
1791520960 gw-search-role-w1 507470841 2253185024 371417311 11690228063
1791520965 gw-search-role-w1 507492531 2253180928 371417352 11690230060
1791520970 gw-search-role-w1 512552911 2257301504 371417894 11690231545
1791520975 gw-search-role-w1 518254929 2260307968 371418506 11690232957
1791520980 gw-search-role-w1 521414611 2253688832 371418894 11690234590
1791520985 gw-search-role-w1 526462702 2259038208 371419459 11690236050
1791520991 gw-search-role-w1 531656365 2256838656 371419992 11690237537
1791520996 gw-search-role-w1 536216254 2262618112 371420492 11690239067
1791521001 gw-search-role-w1 541017976 2264420352 371421022 11690240566
1791521006 gw-search-role-w1 545448155 2262917120 371421525 11690242087
1791521011 gw-search-role-w1 549021539 2262933504 371421941 11690243701
1791521016 gw-search-role-w1 554531985 2262667264 371422559 11690245113
1791521021 gw-search-role-w1 559503168 2263293952 371423083 11690246607
1791521026 gw-search-role-w1 563923885 2264207360 371423564 11690248164
1791521031 gw-search-role-w1 563949108 2264190976 371423606 11690250168
1791521037 gw-search-role-w1 563957629 2264186880 371423666 11690252145
1791521042 gw-search-role-w1 563958281 2264186880 371423767 11690254071
1791521047 gw-search-role-w1 563958625 2264186880 371423806 11690256063
1791521052 gw-search-role-w1 563959160 2264186880 371423839 11690258065
1791521057 gw-search-role-w1 563959671 2264186880 371423868 11690260070
1791521062 gw-search-role-w1 563960147 2264186880 371423924 11690262046
1791521067 gw-search-role-w1 563962545 2264186880 371423969 11690264042
1791521072 gw-search-role-w1 563962914 2264186880 371424062 11690265987
1791521078 gw-search-role-w1 563963651 2264186880 371424093 11690267991
1791521083 gw-search-role-w1 563963963 2264186880 371424135 11690269986
1791521088 gw-search-role-w1 563964520 2264186880 371424168 11690271992
1791521093 gw-search-role-w1 563965639 2264182784 371424217 11690273973
1791521098 gw-search-role-w1 563965963 2264182784 371424262 11690275971
1791521103 gw-search-role-w1 563966874 2264182784 371424354 11690277905
1791521108 gw-search-role-w1 563967307 2264182784 371424389 11690279904
1791521113 gw-search-role-w1 563968073 2264182784 371424445 11690281883
1791521118 gw-search-role-w1 563968511 2264182784 371424480 11690283879
1791521124 gw-search-role-w1 563975988 2264182784 371424531 11690285862
1791521129 gw-search-role-w1 563976333 2264182784 371424582 11690287851
1791521134 gw-search-role-w1 563976869 2264182784 371424679 11690289781
1791521139 gw-search-role-w1 563977108 2264182784 371424710 11690291779
1791521144 gw-search-role-w1 563977769 2264182784 371424750 11690293776
1791521149 gw-search-role-w1 563978375 2264182784 371424782 11690295778
1791521154 gw-search-role-w1 563978864 2264182784 371424830 11690297758
1791521159 gw-search-role-w1 563979295 2264182784 371424868 11690299746
1791521164 gw-search-role-w1 563979647 2264182784 371424969 11690301672
1791521170 gw-search-role-w1 563980125 2264182784 371425004 11690303666
1791521175 gw-search-role-w1 563980446 2264182784 371425042 11690305662
1791521180 gw-search-role-w1 569237756 2266222592 371425565 11690307179
1791521185 gw-search-role-w1 580525819 2264870912 371426764 11690308019
1791521190 gw-search-role-w1 593489865 2271318016 371428112 11690308703
1791521195 gw-search-role-w1 603515678 2272096256 371429187 11690309665
1791521200 gw-search-role-w1 614894277 2273660928 371430353 11690310525
1791521205 gw-search-role-w1 626346601 2276925440 371431592 11690311313
1791521210 gw-search-role-w1 638062530 2275180544 371432846 11690312083
1791521216 gw-search-role-w1 649108558 2277253120 371434011 11690312944
1791521221 gw-search-role-w1 660218469 2274693120 371435176 11690313799
1791521226 gw-search-role-w1 671664098 2276048896 371436377 11690314619
1791521231 gw-search-role-w1 682971383 2275663872 371437538 11690315484
1791521236 gw-search-role-w1 693453917 2275676160 371438623 11690316432
1791521241 gw-search-role-w1 698598409 2276966400 371439207 11690317890
1791521246 gw-search-role-w1 698644188 2276925440 371439269 11690319859
1791521251 gw-search-role-w1 702866074 2277703680 371439755 11690321412
1791521256 gw-search-role-w1 711233543 2275807232 371440620 11690322572
1791521262 gw-search-role-w1 721460809 2278916096 371441694 11690323527
1791521267 gw-search-role-w1 730261783 2280652800 371442596 11690324651
1791521272 gw-search-role-w1 739645120 2278744064 371443580 11690325710
1791521277 gw-search-role-w1 747242643 2278744064 371444414 11690326907
1791521282 gw-search-role-w1 757051605 2276306944 371445480 11690327875
1791521287 gw-search-role-w1 765349135 2278400000 371446351 11690329029
1791521292 gw-search-role-w1 774717555 2278010880 371447314 11690330090
1791521297 gw-search-role-w1 783411441 2276098048 371448239 11690331200
1791521303 gw-search-role-w1 791641661 2275139584 371449048 11690332412
1791521308 gw-search-role-w1 799956607 2275930112 371449974 11690333540
1791521313 gw-search-role-w1 802062340 2281558016 371450276 11690335262
1791521318 gw-search-role-w1 802087189 2281537536 371450306 11690337265
1791521323 gw-search-role-w1 802087442 2281537536 371450341 11690339262
1791521328 gw-search-role-w1 802087965 2281537536 371450378 11690341259
1791521333 gw-search-role-w1 802088358 2281537536 371450437 11690343247
1791521338 gw-search-role-w1 802088849 2281537536 371450475 11690345233
1791521344 gw-search-role-w1 802089261 2281537536 371450571 11690347172
1791521349 gw-search-role-w1 802089511 2281537536 371450599 11690349176
1791521354 gw-search-role-w1 802089997 2281537536 371450651 11690351165
1791521359 gw-search-role-w1 802090264 2281537536 371450680 11690353166
1791521364 gw-search-role-w1 802099773 2281537536 371450725 11690355147
1791521369 gw-search-role-w1 802100182 2281537536 371450764 11690357138
1791521374 gw-search-role-w1 802100610 2281537536 371450849 11690359082
1791521379 gw-search-role-w1 802100982 2281533440 371450877 11690361089
1791521384 gw-search-role-w1 802101482 2281533440 371450909 11690363086
1791521389 gw-search-role-w1 802101744 2281533440 371450940 11690365082
1791521395 gw-search-role-w1 802102356 2281533440 371450987 11690367063
1791521400 gw-search-role-w1 802102939 2281533440 371451024 11690369054
1791521405 gw-search-role-w1 802103301 2281533440 371451123 11690370987
1791521410 gw-search-role-w1 802103764 2281533440 371451153 11690372993
1791521415 gw-search-role-w1 802104109 2281533440 371451192 11690374989
1791521420 gw-search-role-w1 802104525 2281533440 371451227 11690376988
1791521425 gw-search-role-w1 802106130 2281533440 371451273 11690378969
1791521430 gw-search-role-w1 802106738 2281533440 371451317 11690380955
1791521435 gw-search-role-w1 802107051 2281533440 371451401 11690382905
1791521441 gw-search-role-w1 802107627 2281533440 371451441 11690384903
1791521446 gw-search-role-w1 802108312 2281533440 371451469 11690386908
1791521451 gw-search-role-w1 802108709 2281533440 371451503 11690388903
1791521456 gw-search-role-w1 802109682 2281533440 371451549 11690390890
1791521461 gw-search-role-w1 802340693 2275368960 371451595 11690392877
1791521466 gw-search-role-w1 815683636 2276573184 371453022 11690393489
1791521471 gw-search-role-w1 826371465 2278129664 371454119 11690394423
1791521476 gw-search-role-w1 838029847 2277445632 371455324 11690395248
1791521481 gw-search-role-w1 849772477 2277122048 371456530 11690396069
1791521487 gw-search-role-w1 860752349 2276732928 371457689 11690396946
1791521492 gw-search-role-w1 872759872 2278375424 371458933 11690397726
1791521497 gw-search-role-w1 883696522 2277117952 371460112 11690398587
1791521502 gw-search-role-w1 895621967 2298163200 371461343 11690399387
1791521507 gw-search-role-w1 907294240 2300829696 371462532 11690400221
1791521512 gw-search-role-w1 918295505 2297913344 371463670 11690401108
1791521517 gw-search-role-w1 929604366 2298208256 371464853 11690401947
1791521522 gw-search-role-w1 938488182 2303156224 371465799 11690403033
1791521527 gw-search-role-w1 938537094 2303115264 371465898 11690404961
1791521533 gw-search-role-w1 940130437 2296958976 371466069 11690406821
1791521538 gw-search-role-w1 951021616 2298662912 371467203 11690407713
1791521543 gw-search-role-w1 958505505 2303303680 371467979 11690408975
1791521548 gw-search-role-w1 967733207 2298318848 371468964 11690410016
1791521553 gw-search-role-w1 974968231 2298687488 371469760 11690411242
1791521558 gw-search-role-w1 983537140 2298896384 371470649 11690412373
1791521563 gw-search-role-w1 993515687 2302779392 371471680 11690413366
1791521568 gw-search-role-w1 1001515680 2298118144 371472516 11690414557
1791521573 gw-search-role-w1 1011223211 2299998208 371473535 11690415563
1791521579 gw-search-role-w1 1019272871 2298437632 371474383 11690416738
1791521584 gw-search-role-w1 1027597724 2302251008 371475292 11690417847
1791521589 gw-search-role-w1 1036050601 2298277888 371476171 11690419001
1791521594 gw-search-role-w1 1041032935 2301460480 371476736 11690420466
1791521599 gw-search-role-w1 1041066709 2301440000 371476778 11690422458
1791521604 gw-search-role-w1 1041074346 2301440000 371476830 11690424440
1791521609 gw-search-role-w1 1041074712 2301440000 371476869 11690426427
1791521614 gw-search-role-w1 1041075143 2301440000 371476954 11690428370
1791521619 gw-search-role-w1 1041075472 2301440000 371476989 11690430374
1791521625 gw-search-role-w1 1041075916 2301440000 371477028 11690432373
1791521630 gw-search-role-w1 1041076211 2301440000 371477060 11690434376
1791521635 gw-search-role-w1 1041077484 2301440000 371477110 11690436356
1791521640 gw-search-role-w1 1041077743 2301440000 371477151 11690438348
1791521645 gw-search-role-w1 1041078248 2301440000 371477250 11690440277
1791521650 gw-search-role-w1 1041078652 2301435904 371477292 11690442265
1791521655 gw-search-role-w1 1041078954 2301435904 371477325 11690444266
1791521660 gw-search-role-w1 1041079403 2301435904 371477361 11690446265
1791521665 gw-search-role-w1 1041081755 2301435904 371477405 11690448251
1791521671 gw-search-role-w1 1041082184 2301435904 371477450 11690450236
1791521676 gw-search-role-w1 1041082508 2301435904 371477536 11690452171
1791521681 gw-search-role-w1 1041083147 2301435904 371477576 11690454168
1791521686 gw-search-role-w1 1041083410 2301435904 371477610 11690456179
1791521691 gw-search-role-w1 1041083929 2301435904 371477646 11690458173
1791521696 gw-search-role-w1 1041084702 2301435904 371477687 11690460160
1791521701 gw-search-role-w1 1041085444 2301435904 371477741 11690462145
1791521706 gw-search-role-w1 1041086006 2301435904 371477832 11690464084
1791521712 gw-search-role-w1 1041086472 2301435904 371477870 11690466081
1791521717 gw-search-role-w1 1041087066 2301435904 371477922 11690468077
1791521722 gw-search-role-w1 1041087887 2301435904 371477958 11690470072
1791521727 gw-search-role-w1 1041096760 2301435904 371478011 11690472048
1791521732 gw-search-role-w1 1041096994 2301435904 371478050 11690474041
1791521737 gw-search-role-w1 1041097577 2301435904 371478133 11690475983
1791521742 gw-search-role-w1 1041105433 2301435904 371478170 11690477975
1791521747 gw-search-role-w1 1049088281 2298970112 371478978 11690479201
1791521752 gw-search-role-w1 1060927638 2298408960 371480191 11690480011
1791521758 gw-search-role-w1 1072252462 2302828544 371481398 11690480850
1791521763 gw-search-role-w1 1083195511 2299437056 371482515 11690481756
1791521768 gw-search-role-w1 1094649118 2301747200 371483749 11690482547
1791521773 gw-search-role-w1 1106348271 2298634240 371484941 11690483377
1791521778 gw-search-role-w1 1117620240 2299604992 371486106 11690484244
1791521783 gw-search-role-w1 1129504474 2302734336 371487329 11690485048
1791521788 gw-search-role-w1 1140468389 2304663552 371488485 11690485925
1791521793 gw-search-role-w1 1151689646 2299928576 371489642 11690486804
1791521798 gw-search-role-w1 1163425227 2298556416 371490909 11690487570
1791521804 gw-search-role-w1 1174263716 2302226432 371492024 11690488490
1791521809 gw-search-role-w1 1175313827 2304315392 371492190 11690490361
1791521814 gw-search-role-w1 1175341464 2304311296 371492239 11690492358
1791521819 gw-search-role-w1 1183566776 2301571072 371493102 11690493528
1791521824 gw-search-role-w1 1191954711 2298290176 371494017 11690494644
1791521829 gw-search-role-w1 1199512791 2300379136 371494827 11690495855
1791521834 gw-search-role-w1 1208851471 2299064320 371495819 11690496885
1791521839 gw-search-role-w1 1218200023 2301640704 371496780 11690497963
1791521845 gw-search-role-w1 1226938863 2299154432 371497695 11690499078
1791521850 gw-search-role-w1 1234947919 2297602048 371498556 11690500250
1791521855 gw-search-role-w1 1244588168 2299445248 371499565 11690501269
1791521860 gw-search-role-w1 1252459424 2299842560 371500413 11690502447
1791521865 gw-search-role-w1 1261060975 2300481536 371501316 11690503563
1791521870 gw-search-role-w1 1270685679 2304667648 371502322 11690504584
1791521875 gw-search-role-w1 1278289291 2304786432 371503129 11690505798
1791521880 gw-search-role-w1 1278333065 2304737280 371503181 11690507777
1791521885 gw-search-role-w1 1278342660 2304737280 371503240 11690509752
1791521891 gw-search-role-w1 1278343084 2304737280 371503312 11690511713
1791521896 gw-search-role-w1 1278343594 2304737280 371503341 11690513715
1791521901 gw-search-role-w1 1278343920 2304737280 371503375 11690515713
1791521906 gw-search-role-w1 1278345758 2304737280 371503426 11690517704
1791521911 gw-search-role-w1 1278346429 2304737280 371503483 11690519688
1791521916 gw-search-role-w1 1278346741 2304737280 371503565 11690521638
1791521921 gw-search-role-w1 1278347228 2304737280 371503604 11690523626
1791521926 gw-search-role-w1 1278347536 2304737280 371503636 11690525636
1791521931 gw-search-role-w1 1278348261 2304737280 371503672 11690527631
1791521937 gw-search-role-w1 1278348629 2304733184 371503713 11690529620
1791521942 gw-search-role-w1 1278349234 2304733184 371503763 11690531605
1791521947 gw-search-role-w1 1278349515 2304733184 371503851 11690533543
1791521952 gw-search-role-w1 1278350072 2304733184 371503885 11690535546
1791521957 gw-search-role-w1 1278350752 2304733184 371503926 11690537543
1791521962 gw-search-role-w1 1278351195 2304733184 371503965 11690539534
1791521967 gw-search-role-w1 1278352746 2304733184 371504006 11690541522
1791521972 gw-search-role-w1 1278360359 2304741376 371504049 11690543509
1791521977 gw-search-role-w1 1278361063 2304741376 371504127 11690545465
1791521983 gw-search-role-w1 1278361411 2304741376 371504162 11690547464
1791521988 gw-search-role-w1 1278361979 2304741376 371504192 11690549470
1791521993 gw-search-role-w1 1278362406 2304741376 371504224 11690551466
1791521998 gw-search-role-w1 1278364406 2304741376 371504276 11690553449
1791522003 gw-search-role-w1 1278364929 2304741376 371504315 11690555446
1791522008 gw-search-role-w1 1278365236 2304741376 371504407 11690557384
1791522013 gw-search-role-w1 1278365792 2304741376 371504469 11690559347
1791522018 gw-search-role-w1 1278366183 2304741376 371504632 11690561212
1791522023 gw-search-role-w1 1278367744 2304741376 371504667 11690563215
1791522029 gw-search-role-w1 1281543721 2300186624 371505115 11690564800
1791522034 gw-search-role-w1 1293590804 2306117632 371506383 11690565565
1791522039 gw-search-role-w1 1306018964 2301177856 371507722 11690566248
1791522044 gw-search-role-w1 1317824244 2301796352 371508938 11690567062
1791522049 gw-search-role-w1 1330010763 2303152128 371510270 11690567762
1791522054 gw-search-role-w1 1342586829 2302431232 371511555 11690568505
1791522059 gw-search-role-w1 1354271543 2299973632 371512800 11690569293
1791522064 gw-search-role-w1 1366051916 2302001152 371514074 11690570046
1791522070 gw-search-role-w1 1377609548 2309255168 371515439 11690570724
1791522075 gw-search-role-w1 1389745612 2300973056 371516769 11690571442
1791522080 gw-search-role-w1 1402226600 2303029248 371518158 11690572089
1791522085 gw-search-role-w1 1413617783 2301456384 371519374 11690572902
1791522090 gw-search-role-w1 1420164008 2303197184 371520176 11690574136
1791522095 gw-search-role-w1 1420197163 2303148032 371520236 11690576109
1791522100 gw-search-role-w1 1424050732 2299908096 371520671 11690577693
1791522105 gw-search-role-w1 1434937023 2303709184 371521806 11690578583
1791522111 gw-search-role-w1 1446636036 2301386752 371523006 11690579404
1791522116 gw-search-role-w1 1458484398 2303524864 371524227 11690580210
1791522121 gw-search-role-w1 1470287391 2304086016 371525467 11690581004
1791522126 gw-search-role-w1 1481862609 2300309504 371526838 11690581667
1791522131 gw-search-role-w1 1492553316 2303070208 371528108 11690582422
1791522136 gw-search-role-w1 1504958366 2307330048 371529381 11690583175
1791522141 gw-search-role-w1 1516382645 2304372736 371530571 11690584020
1791522146 gw-search-role-w1 1527002196 2306666496 371531766 11690584855
1791522152 gw-search-role-w1 1538643956 2304065536 371533220 11690585437
1791522157 gw-search-role-w1 1549982050 2305290240 371534425 11690586261
1791522162 gw-search-role-w1 1554762360 2307739648 371535013 11690587703
1791522167 gw-search-role-w1 1554803740 2307686400 371535057 11690589695
1791522172 gw-search-role-w1 1554804542 2307686400 371535100 11690591687
1791522177 gw-search-role-w1 1554804836 2307686400 371535270 11690593537
1791522182 gw-search-role-w1 1554805192 2307686400 371535317 11690595513
1791522187 gw-search-role-w1 1554805522 2307686400 371535383 11690597472
1791522192 gw-search-role-w1 1554805918 2307686400 371535459 11690599424
1791522198 gw-search-role-w1 1554806228 2307686400 371535512 11690601399
1791522203 gw-search-role-w1 1554809172 2307686400 371535546 11690603393
1791522208 gw-search-role-w1 1554809553 2307686400 371535686 11690605284
1791522213 gw-search-role-w1 1554810055 2307686400 371535853 11690607138
1791522218 gw-search-role-w1 1554810615 2307686400 371535908 11690609118
1791522223 gw-search-role-w1 1554811402 2307682304 371535976 11690611074
1791522228 gw-search-role-w1 1554811864 2307682304 371536012 11690613072
1791522233 gw-search-role-w1 1554812347 2307682304 371536050 11690615070
1791522239 gw-search-role-w1 1554812857 2307682304 371536109 11690617044
1791522244 gw-search-role-w1 1554813199 2307682304 371536149 11690619031
1791522249 gw-search-role-w1 1554818986 2307686400 371536209 11690621008
1791522254 gw-search-role-w1 1554819409 2307686400 371536384 11690622864
1791522259 gw-search-role-w1 1554819649 2307686400 371536534 11690624748
1791522264 gw-search-role-w1 1554821364 2307686400 371536573 11690626740
1791522269 gw-search-role-w1 1554821753 2307686400 371536633 11690628707
1791522274 gw-search-role-w1 1554822239 2307686400 371536672 11690630711
1791522280 gw-search-role-w1 1554822617 2307686400 371536823 11690632588
1791522285 gw-search-role-w1 1554823103 2307686400 371536856 11690634576
1791522290 gw-search-role-w1 1554823378 2307686400 371536888 11690636569
1791522295 gw-search-role-w1 1554824207 2307686400 371536926 11690638558
1791522300 gw-search-role-w1 1554824712 2307686400 371537035 11690640488
1791522305 gw-search-role-w1 1554825089 2307686400 371537114 11690642434
1791522310 gw-search-role-w1 1554825612 2307686400 371537214 11690644370
1791522315 gw-search-role-w1 1554825969 2307686400 371537257 11690646360
1791522320 gw-search-role-w1 1554826469 2307686400 371537292 11690648352
1791522326 gw-search-role-w1 1554827673 2307686400 371537327 11690650359
1791522331 gw-search-role-w1 1554828255 2307686400 371537390 11690652327
1791522336 gw-search-role-w1 1554828588 2307686400 371537421 11690654329
1791522341 gw-search-role-w1 1554829095 2307686400 371537502 11690656273
1791522346 gw-search-role-w1 1554829398 2307686400 371537538 11690658280
1791522351 gw-search-role-w1 1554830021 2307686400 371537573 11690660272
1791522356 gw-search-role-w1 1554830509 2307686400 371537605 11690662281
1791522361 gw-search-role-w1 1554830878 2307686400 371537675 11690664252
1791522366 gw-search-role-w1 1554831262 2307686400 371537731 11690666228
1791522372 gw-search-role-w1 1554831566 2307686400 371537794 11690668193
1791522377 gw-search-role-w1 1554832184 2307686400 371537828 11690670198
1791522382 gw-search-role-w1 1554839429 2307686400 371537864 11690672194
1791522387 gw-search-role-w1 1554840627 2307686400 371537905 11690674188
1791522392 gw-search-role-w1 1554841150 2307686400 371537957 11690676177
1791522397 gw-search-role-w1 1554841524 2307686400 371538013 11690678165
1791522402 gw-search-role-w1 1554841895 2307686400 371538074 11690680135
1791522407 gw-search-role-w1 1554842171 2307686400 371538105 11690682145
1791522413 gw-search-role-w1 1554842948 2307686400 371538148 11690684140
1791522418 gw-search-role-w1 1554843242 2307686400 371538191 11690686130
1791522423 gw-search-role-w1 1554843691 2307686400 371538240 11690688126
1791522428 gw-search-role-w1 1554843924 2307686400 371538294 11690690101
1791522433 gw-search-role-w1 1554844440 2307686400 371538359 11690692067
1791522438 gw-search-role-w1 1554844848 2307686400 371538404 11690694059
1791522443 gw-search-role-w1 1554846569 2307686400 371538441 11690696064
1791522448 gw-search-role-w1 1554847167 2307686400 371538484 11690698053
1791522453 gw-search-role-w1 1554847458 2307686400 371538535 11690700041
1791522459 gw-search-role-w1 1554847900 2307686400 371538588 11690702021
1791522464 gw-search-role-w1 1554848209 2307686400 371538655 11690703988
1791522469 gw-search-role-w1 1554848682 2307686400 371538685 11690705987
1791522474 gw-search-role-w1 1554849477 2307686400 371538722 11690707991
1791522479 gw-search-role-w1 1554849889 2307686400 371538778 11690709978
1791522484 gw-search-role-w1 1554850397 2307686400 371538820 11690711970
1791522489 gw-search-role-w1 1554850641 2307686400 371538878 11690713946
1791522494 gw-search-role-w1 1554851264 2307686400 371538943 11690715909
1791522500 gw-search-role-w1 1554851670 2307686400 371538979 11690717909
1791522505 gw-search-role-w1 1554854204 2307686400 371539015 11690719907
1791522510 gw-search-role-w1 1554854465 2307686400 371539073 11690721890
1791522515 gw-search-role-w1 1554854881 2307686400 371539111 11690723883
1791522520 gw-search-role-w1 1554855231 2307686400 371539163 11690725864
1791522525 gw-search-role-w1 1554855713 2307686400 371539231 11690727822
1791522530 gw-search-role-w1 1554856266 2307686400 371539270 11690729818
1791522535 gw-search-role-w1 1554856786 2307686400 371539296 11690731821
1791522540 gw-search-role-w1 1554864630 2307715072 371539358 11690733796
1791522546 gw-search-role-w1 1554864952 2307715072 371539390 11690735795
1791522551 gw-search-role-w1 1554865522 2307715072 371539454 11690737766
1791522556 gw-search-role-w1 1554865905 2307715072 371539533 11690739718
1791522561 gw-search-role-w1 1554866427 2307715072 371539572 11690741719
1791522566 gw-search-role-w1 1554867566 2307715072 371539601 11690743727
1791522571 gw-search-role-w1 1554868066 2307715072 371539668 11690745694
1791522576 gw-search-role-w1 1554868787 2307715072 371539700 11690747707
1791522581 gw-search-role-w1 1554869202 2307715072 371539768 11690749678
1791522587 gw-search-role-w1 1554869659 2307715072 371539822 11690751654
1791522592 gw-search-role-w1 1554870343 2307715072 371539860 11690753649
1791522597 gw-search-role-w1 1554871378 2307715072 371539892 11690755653
1791522602 gw-search-role-w1 1554871778 2307715072 371539959 11690757619
1791522607 gw-search-role-w1 1554872205 2307715072 371540023 11690759587
1791522612 gw-search-role-w1 1554872566 2307715072 371540092 11690761552
1791522617 gw-search-role-w1 1554873091 2307715072 371540132 11690763550
1791522622 gw-search-role-w1 1554873738 2307715072 371540174 11690765548
1791522627 gw-search-role-w1 1554875037 2307715072 371540218 11690767538
1791522633 gw-search-role-w1 1558056195 2303811584 371540554 11690769230
1791522638 gw-search-role-w1 1571750397 2305208320 371541982 11690769834
1791522643 gw-search-role-w1 1584029954 2302832640 371543273 11690770561
1791522648 gw-search-role-w1 1596743473 2304528384 371544588 11690771280
1791522653 gw-search-role-w1 1609787937 2305605632 371546091 11690771810
1791522658 gw-search-role-w1 1622867916 2308935680 371547647 11690772281
1791522663 gw-search-role-w1 1634589974 2310823936 371548922 11690773042
1791522668 gw-search-role-w1 1646586245 2305339392 371550190 11690773808
1791522674 gw-search-role-w1 1659556693 2307866624 371551570 11690774460
1791522679 gw-search-role-w1 1672234487 2306826240 371552895 11690775165
1791522684 gw-search-role-w1 1684911041 2304589824 371554204 11690775888
1791522689 gw-search-role-w1 1698024871 2305134592 371555555 11690776563
1791522694 gw-search-role-w1 1705268504 2307624960 371556356 11690777791
1791522699 gw-search-role-w1 1705310456 2307584000 371556420 11690779760
1791522704 gw-search-role-w1 1706850873 2303774720 371556621 11690781595
1791522709 gw-search-role-w1 1719017213 2305208320 371557979 11690782264
1791522715 gw-search-role-w1 1729868972 2309365760 371559201 11690783084
1791522720 gw-search-role-w1 1741379487 2305196032 371560430 11690783896
1791522725 gw-search-role-w1 1753006490 2305507328 371561770 11690784618
1791522730 gw-search-role-w1 1764626527 2307932160 371563017 11690785401
1791522735 gw-search-role-w1 1775620314 2308431872 371564178 11690786272
1791522740 gw-search-role-w1 1786312502 2304356352 371565294 11690787190
1791522745 gw-search-role-w1 1798813046 2304561152 371566584 11690787932
1791522751 gw-search-role-w1 1810312806 2309390336 371567787 11690788765
1791522756 gw-search-role-w1 1821806022 2303168512 371569085 11690789506
1791522761 gw-search-role-w1 1832972872 2305351680 371570378 11690790246
1791522766 gw-search-role-w1 1839191967 2305474560 371571093 11690791555
1791522771 gw-search-role-w1 1839239837 2305425408 371571135 11690793541
1791522776 gw-search-role-w1 1839246941 2305425408 371571164 11690795538
1791522781 gw-search-role-w1 1839247583 2305425408 371571378 11690797354
1791522786 gw-search-role-w1 1839247923 2305421312 371571527 11690799231
1791522791 gw-search-role-w1 1839248463 2305421312 371571588 11690801197
1791522797 gw-search-role-w1 1839248780 2305421312 371571779 11690803030
1791522802 gw-search-role-w1 1839249491 2305421312 371571818 11690805026
1791522807 gw-search-role-w1 1839251263 2305421312 371571920 11690806958
1791522812 gw-search-role-w1 1839251795 2305421312 371571985 11690808920
1791522817 gw-search-role-w1 1839252249 2305421312 371572023 11690810925
1791522822 gw-search-role-w1 1839252674 2305421312 371572088 11690812899
1791522827 gw-search-role-w1 1839253135 2305421312 371572151 11690814871
1791522832 gw-search-role-w1 1839253646 2305417216 371572193 11690816861
1791522838 gw-search-role-w1 1839254155 2305417216 371572346 11690818733
1791522843 gw-search-role-w1 1839254626 2305417216 371572472 11690820640
1791522848 gw-search-role-w1 1839255241 2305417216 371572537 11690822600
1791522853 gw-search-role-w1 1839255518 2305417216 371572575 11690824588
1791522858 gw-search-role-w1 1839255985 2305417216 371572641 11690826555
1791522863 gw-search-role-w1 1839257786 2305417216 371572676 11690828549
1791522868 gw-search-role-w1 1839258119 2305417216 371572928 11690830325
1791522873 gw-search-role-w1 1839258519 2305417216 371573118 11690832165
1791522879 gw-search-role-w1 1839258767 2305417216 371573300 11690834018
1791522884 gw-search-role-w1 1839259255 2305417216 371573450 11690835894
1791522889 gw-search-role-w1 1839259557 2305417216 371573623 11690837742
1791522894 gw-search-role-w1 1839260155 2305417216 371573778 11690839616
1791522899 gw-search-role-w1 1839260542 2305417216 371573935 11690841489
1791522904 gw-search-role-w1 1839271536 2305421312 371573992 11690843467
1791522909 gw-search-role-w1 1839271878 2305421312 371574303 11690845181
1791522914 gw-search-role-w1 1839272201 2305421312 371574369 11690847147
1791522919 gw-search-role-w1 1842941414 2303483904 371574757 11690848786
1791522925 gw-search-role-w1 1855037447 2306334720 371576138 11690849435
1791522930 gw-search-role-w1 1868151756 2309197824 371577572 11690850025
1791522935 gw-search-role-w1 1879937380 2305277952 371579086 11690850549
1791522940 gw-search-role-w1 1890403119 2305179648 371580179 11690851480
1791522945 gw-search-role-w1 1902238855 2306146304 371581571 11690852115
1791522950 gw-search-role-w1 1910336060 2304339968 371582559 11690853157
1791522955 gw-search-role-w1 1920639770 2304290816 371583624 11690854121
1791522960 gw-search-role-w1 1933079026 2306523136 371585165 11690854611
1791522966 gw-search-role-w1 1944933396 2305638400 371586421 11690855376
1791522971 gw-search-role-w1 1957658700 2310340608 371587926 11690855901
1791522976 gw-search-role-w1 1969675034 2305298432 371589259 11690856596
1791522981 gw-search-role-w1 1976160861 2307137536 371590088 11690857796
1791522986 gw-search-role-w1 1976204247 2307088384 371590225 11690859687
1791522991 gw-search-role-w1 1981097500 2307661824 371590791 11690861148
1791522996 gw-search-role-w1 1992875729 2305961984 371592002 11690861962
1791523001 gw-search-role-w1 2003933577 2305712128 371593230 11690862759
1791523006 gw-search-role-w1 2014926516 2305835008 371594416 11690863600
1791523011 gw-search-role-w1 2026010590 2309693440 371595556 11690864483
1791523017 gw-search-role-w1 2037306875 2304098304 371596709 11690865359
1791523022 gw-search-role-w1 2048705208 2305216512 371597906 11690866190
1791523027 gw-search-role-w1 2059596369 2308534272 371599036 11690867089
1791523032 gw-search-role-w1 2070971135 2303967232 371600396 11690867755
1791523037 gw-search-role-w1 2081407309 2306256896 371601663 11690868520
1791523042 gw-search-role-w1 2091838670 2304331776 371602865 11690869347
1791523047 gw-search-role-w1 2103263435 2305875968 371604374 11690869892
1791523052 gw-search-role-w1 2106805258 2307362816 371604829 11690871460
1791523058 gw-search-role-w1 2106842109 2307313664 371604871 11690873464
1791523063 gw-search-role-w1 2106846692 2307313664 371605099 11690875272
1791523068 gw-search-role-w1 2106849675 2307313664 371605283 11690877113
1791523073 gw-search-role-w1 2106855965 2307313664 371605322 11690879100
1791523078 gw-search-role-w1 2106861909 2307313664 371605480 11690880973
1791523083 gw-search-role-w1 2106869758 2307313664 371605540 11690882935
1791523088 gw-search-role-w1 2106876393 2307313664 371605733 11690884763
1791523093 gw-search-role-w1 2106882283 2307313664 371605893 11690886638
1791523099 gw-search-role-w1 2106893120 2307313664 371606207 11690888352
1791523104 gw-search-role-w1 2106899941 2307313664 371606320 11690890274
1791523109 gw-search-role-w1 2106906045 2307313664 371606394 11690892223
1791523114 gw-search-role-w1 2106909722 2307309568 371606468 11690894181
1791523119 gw-search-role-w1 2106913962 2307309568 371606531 11690896148
1791523124 gw-search-role-w1 2106917951 2307309568 371606566 11690898137
1791523129 gw-search-role-w1 2106923258 2307309568 371606628 11690900096
1791523134 gw-search-role-w1 2106928363 2307309568 371606664 11690902083
1791523139 gw-search-role-w1 2106932573 2307309568 371606711 11690904064
1791523145 gw-search-role-w1 2106942722 2307309568 371606763 11690906033
1791523150 gw-search-role-w1 2106946210 2307309568 371606821 11690908002
1791523155 gw-search-role-w1 2106958355 2307309568 371607052 11690909794
1791523160 gw-search-role-w1 2106962800 2307309568 371607134 11690911747
1791523165 gw-search-role-w1 2106970098 2307309568 371607233 11690913680
1791523170 gw-search-role-w1 2106974290 2307313664 371607443 11690915493
1791523175 gw-search-role-w1 2643730 109469696 371608135 11690916808
1791523180 gw-search-role-w1 11949500 1433714688 371609240 11690917727
1791523186 gw-search-role-w1 25957469 3484581888 371610725 11690918263
1791523191 gw-search-role-w1 31771206 3110154240 371611438 11690919571
1791523196 gw-search-role-w1 31782645 3110281216 371611598 11690921448
1791523201 gw-search-role-w1 31840142 2855911424 371611896 11690923177
1791523206 gw-search-role-w1 31845174 2855911424 371611945 11690925158
1791523211 gw-search-role-w1 31853579 2855911424 371612011 11690927110
1791523216 gw-search-role-w1 31860093 2856173568 371612228 11690928912
1791523221 gw-search-role-w1 31869854 2855936000 371612356 11690930825
1791523226 gw-search-role-w1 31878897 2855936000 371612503 11690932705
1791523232 gw-search-role-w1 31886721 2855940096 371612690 11690934547
1791523237 gw-search-role-w1 31893393 2855944192 371612727 11690936539
1791523242 gw-search-role-w1 31901329 2855940096 371612882 11690938419
1791523247 gw-search-role-w1 31936418 2855944192 371613141 11690940191
1791523252 gw-search-role-w1 31941198 2855944192 371613207 11690942150
1791523257 gw-search-role-w1 31948875 2855940096 371613237 11690944143
1791523262 gw-search-role-w1 31954857 2855940096 371613290 11690946108
1791523267 gw-search-role-w1 31963026 2855948288 371613387 11690948038
1791523272 gw-search-role-w1 31968893 2855948288 371613501 11690949945
1791523278 gw-search-role-w1 31975381 2855948288 371613701 11690951773
1791523283 gw-search-role-w1 31983607 2855948288 371613817 11690953682
1791523288 gw-search-role-w1 31988679 2855948288 371613966 11690955564
1791523293 gw-search-role-w1 35982513 2619854848 371614413 11690957142
1791523298 gw-search-role-w1 42724110 2685648896 371615113 11690958474
1791523303 gw-search-role-w1 48867406 2702286848 371615809 11690959798
1791523308 gw-search-role-w1 54521431 2717552640 371616438 11690961193
1791523313 gw-search-role-w1 60439421 2767589376 371617061 11690962592
1791523318 gw-search-role-w1 65884248 2794389504 371617640 11690964033
1791523324 gw-search-role-w1 71940697 2800336896 371618315 11690965384
1791523329 gw-search-role-w1 76245440 2810249216 371618798 11690966930
1791523334 gw-search-role-w1 76289467 2810249216 371618867 11690968893
1791523339 gw-search-role-w1 76315649 2810253312 371618941 11690970850
1791523344 gw-search-role-w1 76320888 2810253312 371619106 11690972709
1791523349 gw-search-role-w1 76327597 2810253312 371619450 11690974388
1791523354 gw-search-role-w1 76353641 2810290176 371619658 11690976198
1791523359 gw-search-role-w1 76358251 2810294272 371619829 11690978051
1791523365 gw-search-role-w1 76367677 2810294272 371619984 11690979926
1791523370 gw-search-role-w1 76370187 2810294272 371620055 11690981883
1791523375 gw-search-role-w1 76371286 2810294272 371620206 11690983765
1791523380 gw-search-role-w1 76371776 2810290176 371620236 11690985766
1791523385 gw-search-role-w1 76372896 2810290176 371620303 11690987721
1791523390 gw-search-role-w1 76373652 2810290176 371620361 11690989686
1791523395 gw-search-role-w1 76374526 2810290176 371620520 11690991554
1791523400 gw-search-role-w1 78455924 2622623744 371620929 11690993181
1791523405 gw-search-role-w1 78456455 2622627840 371620998 11690995147
1791523411 gw-search-role-w1 78456906 2622627840 371621167 11690997014
1791523416 gw-search-role-w1 78457581 2622627840 371621275 11690998933
1791523421 gw-search-role-w1 78460962 2622652416 371621419 11691000817
1791523426 gw-search-role-w1 78461530 2622652416 371621459 11691002818
1791523431 gw-search-role-w1 78462103 2622652416 371621532 11691004775
1791523436 gw-search-role-w1 78462476 2622656512 371621790 11691006543
1791523441 gw-search-role-w1 78463031 2622656512 371621831 11691008523
1791523446 gw-search-role-w1 78463372 2622656512 371621876 11691010503
1791523452 gw-search-role-w1 78464252 2622660608 371621946 11691012469
1791523457 gw-search-role-w1 78464602 2622660608 371621980 11691014460
1791523462 gw-search-role-w1 78465264 2622660608 371622123 11691016346
1791523467 gw-search-role-w1 78465805 2622664704 371622216 11691018278
1791523472 gw-search-role-w1 78466243 2622664704 371622397 11691020131
1791523477 gw-search-role-w1 78466756 2622664704 371622433 11691022124
1791523482 gw-search-role-w1 78495612 2622738432 371622498 11691024079
1791523487 gw-search-role-w1 78496297 2622742528 371622590 11691026018
1791523492 gw-search-role-w1 78496891 2622742528 371622784 11691027859
1791523498 gw-search-role-w1 78497533 2622742528 371622816 11691029863
1791523503 gw-search-role-w1 78497981 2622746624 371622878 11691031832
1791523508 gw-search-role-w1 78498553 2622746624 371622912 11691033822
1791523513 gw-search-role-w1 79762349 2633383936 371623285 11691035481
1791523518 gw-search-role-w1 88385627 2706546688 371624207 11691036583
1791523523 gw-search-role-w1 95207769 2721120256 371625069 11691037744
1791523528 gw-search-role-w1 101312748 2730311680 371625812 11691039024
1791523533 gw-search-role-w1 109437887 2785366016 371626670 11691040185
1791523538 gw-search-role-w1 116300674 2790494208 371627394 11691041487
1791523544 gw-search-role-w1 123065533 2793807872 371628145 11691042759
1791523549 gw-search-role-w1 129559191 2794385408 371628831 11691044096
1791523554 gw-search-role-w1 135974741 2798481408 371629538 11691045423
1791523559 gw-search-role-w1 143385629 2806579200 371630297 11691046693
1791523564 gw-search-role-w1 149829315 2804695040 371631026 11691047988
1791523569 gw-search-role-w1 155903068 2804772864 371631759 11691049277
1791523574 gw-search-role-w1 160812472 2804781056 371632486 11691050579
1791523579 gw-search-role-w1 160861659 2804764672 371632530 11691052563
1791523585 gw-search-role-w1 162189751 2804240384 371632838 11691054281
1791523590 gw-search-role-w1 166322355 2812649472 371633468 11691055675
1791523595 gw-search-role-w1 171040219 2811142144 371634081 11691057088
1791523600 gw-search-role-w1 175701236 2816868352 371634562 11691058631
1791523605 gw-search-role-w1 180505457 2822504448 371635230 11691060011
1791523610 gw-search-role-w1 184447001 2824314880 371635946 11691061324
1791523615 gw-search-role-w1 188686234 2825277440 371636524 11691062775
1791523620 gw-search-role-w1 193038904 2829545472 371637059 11691064270
1791523626 gw-search-role-w1 198469473 2832994304 371637657 11691065693
1791523631 gw-search-role-w1 204689735 2829713408 371638410 11691066976
1791523636 gw-search-role-w1 210556714 2831249408 371639014 11691068401
1791523641 gw-search-role-w1 213790063 2833227776 371639434 11691070008
1791523646 gw-search-role-w1 216207599 2831478784 371639708 11691071761
1791523651 gw-search-role-w1 216234604 2831450112 371639860 11691073637
1791523656 gw-search-role-w1 216235075 2831446016 371640203 11691075330
1791523661 gw-search-role-w1 216236854 2831446016 371640326 11691077235
1791523666 gw-search-role-w1 216237370 2831446016 371640591 11691078999
1791523672 gw-search-role-w1 216238025 2831446016 371640706 11691080918
1791523677 gw-search-role-w1 216238460 2831446016 371640737 11691082914
1791523682 gw-search-role-w1 216238970 2831446016 371640790 11691084903
1791523687 gw-search-role-w1 216244910 2831503360 371640839 11691086880
1791523692 gw-search-role-w1 216245516 2831503360 371640905 11691088842
1791523697 gw-search-role-w1 216246072 2831503360 371640938 11691090841
1791523702 gw-search-role-w1 216246499 2831503360 371641011 11691092792
1791523707 gw-search-role-w1 216247015 2831503360 371641044 11691094792
1791523713 gw-search-role-w1 216247377 2831503360 371641325 11691096538
1791523718 gw-search-role-w1 216247820 2831503360 371641486 11691098401
1791523723 gw-search-role-w1 216249087 2831503360 371641681 11691100241
1791523728 gw-search-role-w1 216249743 2831503360 371641718 11691102242
1791523733 gw-search-role-w1 216250497 2831503360 371641784 11691104205
1791523738 gw-search-role-w1 216250822 2831503360 371641942 11691106080
1791523743 gw-search-role-w1 216251422 2831503360 371642070 11691107981
1791523748 gw-search-role-w1 216252063 2831503360 371642104 11691109977
1791523754 gw-search-role-w1 216252510 2831503360 371642277 11691111825
1791523759 gw-search-role-w1 216252863 2831503360 371642324 11691113802
1791523764 gw-search-role-w1 216253443 2831503360 371642397 11691115767
1791523769 gw-search-role-w1 216253863 2831503360 371642503 11691117695
1791523774 gw-search-role-w1 216254407 2831503360 371642565 11691119668
1791523779 gw-search-role-w1 216258954 2831503360 371642601 11691121666
1791523784 gw-search-role-w1 216260291 2831503360 371642661 11691123632
1791523789 gw-search-role-w1 216260927 2831503360 371642825 11691125501
1791523795 gw-search-role-w1 216264256 2831503360 371642993 11691127355
1791523800 gw-search-role-w1 224276139 2835390464 371643923 11691128460
1791523805 gw-search-role-w1 234543636 2841985024 371645043 11691129355
1791523810 gw-search-role-w1 240082424 2839072768 371645691 11691130734
1791523815 gw-search-role-w1 247326016 2842923008 371646703 11691131751
1791523820 gw-search-role-w1 255365383 2841321472 371647647 11691132834
1791523825 gw-search-role-w1 260505580 2842492928 371648241 11691134265
1791523830 gw-search-role-w1 269049916 2841280512 371649137 11691135395
1791523835 gw-search-role-w1 276563613 2839511040 371649931 11691136620
1791523841 gw-search-role-w1 282351509 2845507584 371650618 11691137955
1791523846 gw-search-role-w1 290914342 2841792512 371651527 11691139070
1791523851 gw-search-role-w1 296897601 2839605248 371652286 11691140340
1791523856 gw-search-role-w1 302518093 2841362432 371653031 11691141619
1791523861 gw-search-role-w1 302551651 2841329664 371653167 11691143508
1791523866 gw-search-role-w1 302562517 2841329664 371653229 11691145471
1791523871 gw-search-role-w1 307372400 2843406336 371653850 11691146874
1791523876 gw-search-role-w1 311540412 2839769088 371654302 11691148449
1791523881 gw-search-role-w1 315499548 2841927680 371654755 11691150019
1791523887 gw-search-role-w1 321140914 2844782592 371655375 11691151423
1791523892 gw-search-role-w1 325913386 2844610560 371656008 11691152820
1791523897 gw-search-role-w1 329480361 2842214400 371656410 11691154438
1791523902 gw-search-role-w1 335284328 2843549696 371657140 11691155735
1791523907 gw-search-role-w1 340444931 2842726400 371657681 11691157216
1791523912 gw-search-role-w1 343985802 2843869184 371658076 11691158846
1791523917 gw-search-role-w1 348247730 2848559104 371658573 11691160376
1791523922 gw-search-role-w1 352945721 2843852800 371659076 11691161899
1791523927 gw-search-role-w1 357579523 2845839360 371659604 11691163395
1791523933 gw-search-role-w1 357606066 2845806592 371659675 11691165356
1791523938 gw-search-role-w1 357609521 2845806592 371659707 11691167349
1791523943 gw-search-role-w1 357609826 2845806592 371659850 11691169233
1791523948 gw-search-role-w1 357610445 2845806592 371659979 11691171135
1791523953 gw-search-role-w1 357610837 2845806592 371660036 11691173115
1791523958 gw-search-role-w1 357611490 2845806592 371660324 11691174857
1791523963 gw-search-role-w1 357613942 2845806592 371660502 11691176710
1791523968 gw-search-role-w1 357622138 2845806592 371660538 11691178701
1791523974 gw-search-role-w1 357622813 2845802496 371660603 11691180666
1791523979 gw-search-role-w1 357623110 2845802496 371660699 11691182598
1791523984 gw-search-role-w1 357623890 2845802496 371660970 11691184360
1791523989 gw-search-role-w1 357624874 2845802496 371661002 11691186352
1791523994 gw-search-role-w1 357625626 2845802496 371661067 11691188311
1791523999 gw-search-role-w1 357626263 2845802496 371661118 11691190288
1791524004 gw-search-role-w1 357632529 2845802496 371661186 11691192252
1791524009 gw-search-role-w1 357633039 2845802496 371661370 11691194089
1791524014 gw-search-role-w1 357633583 2845802496 371661436 11691196053
1791524020 gw-search-role-w1 357634367 2845802496 371661504 11691198012
1791524025 gw-search-role-w1 357640856 2845802496 371661604 11691199943
1791524030 gw-search-role-w1 357641384 2845802496 371661642 11691201935
1791524035 gw-search-role-w1 357641734 2845802496 371661713 11691203894
1791524040 gw-search-role-w1 357642376 2845802496 371661809 11691205825
1791524045 gw-search-role-w1 357642705 2845802496 371661873 11691207784
1791524050 gw-search-role-w1 357643537 2845802496 371662007 11691209671
1791524055 gw-search-role-w1 357643982 2845802496 371662177 11691211533
1791524060 gw-search-role-w1 357644336 2845802496 371662330 11691213401
1791524066 gw-search-role-w1 357644912 2845802496 371662511 11691215250
1791524071 gw-search-role-w1 357645389 2845802496 371662660 11691217142
1791524076 gw-search-role-w1 357646781 2846322688 371662838 11691218989
1791524081 gw-search-role-w1 362265237 2848149504 371663510 11691220353
1791524086 gw-search-role-w1 370220780 2848751616 371664420 11691221468
1791524091 gw-search-role-w1 377564461 2850795520 371665275 11691222644
1791524096 gw-search-role-w1 384289538 2849202176 371666112 11691223835
1791524101 gw-search-role-w1 392868666 2848841728 371666958 11691225011
1791524107 gw-search-role-w1 399307628 2852335616 371667714 11691226310
1791524112 gw-search-role-w1 406699862 2850848768 371668603 11691227447
1791524117 gw-search-role-w1 414440479 2852806656 371669563 11691228523
1791524122 gw-search-role-w1 419237362 2851627008 371670163 11691229950
1791524127 gw-search-role-w1 427008465 2852851712 371671029 11691231112
1791524132 gw-search-role-w1 434212098 2852872192 371671993 11691232179
1791524137 gw-search-role-w1 439944504 2856259584 371672623 11691233588
1791524142 gw-search-role-w1 441369565 2852118528 371672839 11691235389
1791524148 gw-search-role-w1 441391539 2852102144 371672875 11691237385
1791524153 gw-search-role-w1 445063544 2858143744 371673261 11691239027
1791524158 gw-search-role-w1 449218041 2852642816 371673848 11691240460
1791524163 gw-search-role-w1 454054358 2858553344 371674445 11691241883
1791524168 gw-search-role-w1 458765528 2853548032 371675070 11691243277
1791524173 gw-search-role-w1 463695180 2854768640 371675853 11691244527
1791524178 gw-search-role-w1 468430532 2851160064 371676369 11691246036
1791524183 gw-search-role-w1 474470849 2851184640 371677113 11691247316
1791524189 gw-search-role-w1 479971894 2851344384 371677872 11691248584
1791524194 gw-search-role-w1 483951239 2850861056 371678531 11691249954
1791524199 gw-search-role-w1 488299445 2852515840 371679053 11691251451
1791524204 gw-search-role-w1 492726371 2851385344 371679621 11691252911
1791524209 gw-search-role-w1 497406240 2851762176 371680123 11691254436
1791524214 gw-search-role-w1 497429681 2851737600 371680173 11691256422
1791524219 gw-search-role-w1 497438657 2851737600 371680347 11691258272
1791524224 gw-search-role-w1 497439246 2851737600 371680538 11691260110
1791524229 gw-search-role-w1 497439784 2851733504 371680570 11691262109
1791524235 gw-search-role-w1 497440279 2851733504 371680695 11691264009
1791524240 gw-search-role-w1 497440553 2851733504 371680745 11691265991
1791524245 gw-search-role-w1 497441045 2851733504 371680820 11691267939
1791524250 gw-search-role-w1 497441497 2851733504 371681092 11691269686
1791524255 gw-search-role-w1 497442003 2851733504 371681281 11691271518
1791524260 gw-search-role-w1 497442806 2851733504 371681310 11691273513
1791524265 gw-search-role-w1 497444147 2851733504 371681368 11691275478
1791524270 gw-search-role-w1 497444665 2851733504 371681503 11691277366
1791524275 gw-search-role-w1 497445141 2851733504 371681578 11691279320
1791524280 gw-search-role-w1 497445736 2851733504 371681611 11691281312
1791524286 gw-search-role-w1 497446031 2851733504 371681901 11691283046
1791524291 gw-search-role-w1 497446612 2851733504 371681963 11691285010
1791524296 gw-search-role-w1 497446961 2851733504 371682120 11691286876
1791524301 gw-search-role-w1 497447482 2851733504 371682159 11691288865
1791524306 gw-search-role-w1 497448053 2851733504 371682218 11691290837
1791524311 gw-search-role-w1 497454202 2851737600 371682254 11691292830
1791524316 gw-search-role-w1 497454846 2851737600 371682427 11691294676
1791524321 gw-search-role-w1 497456743 2851737600 371682662 11691296470
1791524327 gw-search-role-w1 497457440 2851737600 371682918 11691298256
1791524332 gw-search-role-w1 497457724 2851737600 371683029 11691300179
1791524337 gw-search-role-w1 497458194 2851737600 371683090 11691302146
1791524342 gw-search-role-w1 497458539 2851737600 371683255 11691304001
1791524347 gw-search-role-w1 497458979 2851737600 371683451 11691305839
1791524352 gw-search-role-w1 497459869 2851737600 371683573 11691307744
1791524357 gw-search-role-w1 497460144 2851737600 371683805 11691309541
1791524362 gw-search-role-w1 498233136 2853437440 371684037 11691311328
1791524367 gw-search-role-w1 512413644 2853928960 371685627 11691311772
1791524373 gw-search-role-w1 524450238 2853707776 371686881 11691312551
1791524378 gw-search-role-w1 536699836 2852347904 371688165 11691313291
1791524383 gw-search-role-w1 548398158 2856189952 371689412 11691314068
1791524388 gw-search-role-w1 560995219 2853785600 371690832 11691314681
1791524393 gw-search-role-w1 572636551 2855006208 371692125 11691315419
1791524398 gw-search-role-w1 583977123 2854313984 371693424 11691316149
1791524403 gw-search-role-w1 596400171 2857046016 371694709 11691316886
1791524408 gw-search-role-w1 607790858 2856083456 371695957 11691317675
1791524414 gw-search-role-w1 619349222 2858401792 371697405 11691318254
1791524419 gw-search-role-w1 631250236 2856083456 371698735 11691318974
1791524424 gw-search-role-w1 639666370 2860675072 371699767 11691319975
1791524429 gw-search-role-w1 639729097 2860609536 371699932 11691321840
1791524434 gw-search-role-w1 640133854 2862071808 371700006 11691323789
1791524439 gw-search-role-w1 648708701 2858409984 371700905 11691324919
1791524444 gw-search-role-w1 657667797 2860023808 371701852 11691326005
1791524449 gw-search-role-w1 666046172 2858840064 371702722 11691327161
1791524454 gw-search-role-w1 674612953 2857938944 371703640 11691328277
1791524460 gw-search-role-w1 683006101 2855464960 371704553 11691329387
1791524465 gw-search-role-w1 692015597 2858033152 371705556 11691330408
1791524470 gw-search-role-w1 699990522 2857078784 371706503 11691331484
1791524475 gw-search-role-w1 708912791 2858110976 371707443 11691332572
1791524480 gw-search-role-w1 719934644 2857201664 371708591 11691333451
1791524485 gw-search-role-w1 728096964 2858713088 371709446 11691334631
1791524490 gw-search-role-w1 736705089 2858168320 371710388 11691335713
1791524495 gw-search-role-w1 743239613 2858991616 371711109 11691337018
1791524501 gw-search-role-w1 743276768 2858954752 371711153 11691339002
1791524506 gw-search-role-w1 743289656 2858995712 371711290 11691340896
1791524511 gw-search-role-w1 743290184 2858991616 371711335 11691342876
1791524516 gw-search-role-w1 743290593 2858991616 371711368 11691344876
1791524521 gw-search-role-w1 743291514 2858991616 371711436 11691346837
1791524526 gw-search-role-w1 743291824 2858991616 371711497 11691348812
1791524531 gw-search-role-w1 743292445 2858991616 371711542 11691350800
1791524536 gw-search-role-w1 743292798 2858991616 371711600 11691352769
1791524541 gw-search-role-w1 743293284 2858991616 371711763 11691354628
1791524547 gw-search-role-w1 743293657 2858991616 371711798 11691356623
1791524552 gw-search-role-w1 743294337 2858991616 371711863 11691358585
1791524557 gw-search-role-w1 743294647 2858987520 371711924 11691360557
1791524562 gw-search-role-w1 743297540 2858987520 371712053 11691362463
1791524567 gw-search-role-w1 743298110 2858987520 371712120 11691364422
1791524572 gw-search-role-w1 743298462 2858987520 371712161 11691366413
1791524577 gw-search-role-w1 743298958 2858987520 371712195 11691368414
1791524582 gw-search-role-w1 743299237 2858987520 371712266 11691370380
1791524588 gw-search-role-w1 743299753 2858987520 371712323 11691372350
1791524593 gw-search-role-w1 743300222 2858987520 371712557 11691374148
1791524598 gw-search-role-w1 743300593 2858987520 371712612 11691376130
1791524603 gw-search-role-w1 743300925 2858987520 371712658 11691378117
1791524608 gw-search-role-w1 743301545 2858987520 371712720 11691380085
1791524613 gw-search-role-w1 743302112 2858987520 371712780 11691382060
1791524618 gw-search-role-w1 743302493 2858987520 371712837 11691384027
1791524623 gw-search-role-w1 743304206 2858987520 371712886 11691386004
1791524628 gw-search-role-w1 743304557 2858987520 371713037 11691387871
1791524634 gw-search-role-w1 743305043 2858987520 371713186 11691389757
1791524639 gw-search-role-w1 743305406 2858987520 371713255 11691391725
1791524644 gw-search-role-w1 743306139 2858987520 371713430 11691393597
1791524649 gw-search-role-w1 749427251 2858131456 371714086 11691394967
1791524654 gw-search-role-w1 761306783 2860273664 371715587 11691395496
1791524659 gw-search-role-w1 773946380 2859331584 371716900 11691396220
1791524664 gw-search-role-w1 785713179 2862882816 371718105 11691397039
1791524669 gw-search-role-w1 796676426 2858336256 371719364 11691397810
1791524675 gw-search-role-w1 808502006 2865098752 371720596 11691398604
1791524680 gw-search-role-w1 819852067 2863071232 371721774 11691399455
1791524685 gw-search-role-w1 831090300 2862964736 371722971 11691400286
1791524690 gw-search-role-w1 842314449 2863439872 371724269 11691401017
1791524695 gw-search-role-w1 854744728 2860343296 371725539 11691401775
1791524700 gw-search-role-w1 867825713 2861142016 371727028 11691402315
1791524705 gw-search-role-w1 880456462 2866864128 371728370 11691403008
1791524710 gw-search-role-w1 884723287 2869424128 371728880 11691404531
1791524716 gw-search-role-w1 884788270 2861527040 371729070 11691406366
1791524721 gw-search-role-w1 890116906 2864881664 371729654 11691407811
1791524726 gw-search-role-w1 898710873 2864594944 371730649 11691408839
1791524731 gw-search-role-w1 908814226 2862166016 371731976 11691409547
1791524736 gw-search-role-w1 918177728 2863706112 371732968 11691410583
1791524741 gw-search-role-w1 926210342 2862997504 371733937 11691411636
1791524746 gw-search-role-w1 934067842 2862338048 371734778 11691412817
1791524751 gw-search-role-w1 943000744 2864947200 371735711 11691413910
1791524756 gw-search-role-w1 951076473 2863403008 371736543 11691415102
1791524762 gw-search-role-w1 960119900 2865704960 371737604 11691416054
1791524767 gw-search-role-w1 969919296 2859327488 371738764 11691416927
1791524772 gw-search-role-w1 979332253 2862747648 371739763 11691417965
1791524777 gw-search-role-w1 987266071 2865016832 371740610 11691419140
1791524782 gw-search-role-w1 989546741 2865135616 371741024 11691420755
1791524787 gw-search-role-w1 989563483 2865119232 371741182 11691422628
1791524792 gw-search-role-w1 989563935 2865119232 371741254 11691424591
1791524797 gw-search-role-w1 989564504 2865119232 371741367 11691426501
1791524803 gw-search-role-w1 989569921 2865119232 371741471 11691428426
1791524808 gw-search-role-w1 989570834 2865119232 371741533 11691430390
1791524813 gw-search-role-w1 989571503 2865119232 371741703 11691432251
1791524818 gw-search-role-w1 989572200 2865119232 371741733 11691434253
1791524823 gw-search-role-w1 989572570 2865119232 371741808 11691436209
1791524828 gw-search-role-w1 989573099 2865119232 371741873 11691438173
1791524833 gw-search-role-w1 989573727 2865119232 371741922 11691440160
1791524838 gw-search-role-w1 989574151 2865115136 371741986 11691442119
1791524844 gw-search-role-w1 989574362 2865115136 371742041 11691444099
1791524849 gw-search-role-w1 989574760 2865115136 371742074 11691446094
1791524854 gw-search-role-w1 989575272 2865115136 371742143 11691448054
1791524859 gw-search-role-w1 989575810 2865115136 371742199 11691450023
1791524864 gw-search-role-w1 989579287 2865115136 371742236 11691452011
1791524869 gw-search-role-w1 989579710 2865115136 371742300 11691453973
1791524874 gw-search-role-w1 989580188 2865115136 371742456 11691455847
1791524879 gw-search-role-w1 989580464 2865115136 371742721 11691457611
1791524884 gw-search-role-w1 989580895 2865115136 371742790 11691459564
1791524890 gw-search-role-w1 989581326 2865115136 371742971 11691461411
1791524895 gw-search-role-w1 989581971 2865115136 371743145 11691463257
1791524900 gw-search-role-w1 989582420 2865115136 371743177 11691465250
1791524905 gw-search-role-w1 989582981 2865115136 371743213 11691467240
1791524910 gw-search-role-w1 989583506 2865115136 371743246 11691469240
1791524915 gw-search-role-w1 989583866 2865115136 371743313 11691471200
1791524920 gw-search-role-w1 989584779 2865115136 371743377 11691473157
1791524925 gw-search-role-w1 989586715 2865115136 371743435 11691475126
1791524930 gw-search-role-w1 989606841 2865123328 371743578 11691477007
1791524935 gw-search-role-w1 1000160000 2863517696 371744725 11691477885
1791524941 gw-search-role-w1 1012468951 2864771072 371746115 11691478523
1791524946 gw-search-role-w1 1024496707 2864492544 371747518 11691479149
1791524951 gw-search-role-w1 1036996245 2863828992 371748923 11691479766
1791524956 gw-search-role-w1 1047652621 2864259072 371750153 11691480554
1791524961 gw-search-role-w1 1058783322 2864517120 371751314 11691481423
1791524966 gw-search-role-w1 1072453299 2863644672 371752770 11691482001
1791524971 gw-search-role-w1 1084722462 2868330496 371754118 11691482677
1791524976 gw-search-role-w1 1095629125 2865086464 371755260 11691483558
1791524981 gw-search-role-w1 1107261163 2865025024 371756463 11691484384
1791524987 gw-search-role-w1 1120547271 2868645888 371757966 11691484908
1791524992 gw-search-role-w1 1132981254 2868150272 371759252 11691485649
1791524997 gw-search-role-w1 1133342602 2871209984 371759344 11691487582
1791525002 gw-search-role-w1 1133364983 2871193600 371759539 11691489413
1791525007 gw-search-role-w1 1141112595 2871169024 371760488 11691490483
1791525012 gw-search-role-w1 1149838847 2872320000 371761410 11691491587
1791525017 gw-search-role-w1 1158484766 2870382592 371762558 11691492473
1791525022 gw-search-role-w1 1167598967 2869325824 371763499 11691493561
1791525028 gw-search-role-w1 1177660297 2870161408 371764731 11691494366
1791525033 gw-search-role-w1 1185323353 2870722560 371765571 11691495549
1791525038 gw-search-role-w1 1193740168 2873298944 371766756 11691496395
1791525043 gw-search-role-w1 1203694040 2871623680 371767970 11691497207
1791525048 gw-search-role-w1 1211515763 2870190080 371769060 11691498136
1791525053 gw-search-role-w1 1220162788 2871889920 371770061 11691499168
1791525058 gw-search-role-w1 1228000801 2870784000 371771008 11691500241
1791525063 gw-search-role-w1 1236316449 2871447552 371772047 11691501228
1791525068 gw-search-role-w1 1236355346 2871394304 371772111 11691503188
1791525074 gw-search-role-w1 1236364149 2871394304 371772234 11691505091
1791525079 gw-search-role-w1 1236364651 2871394304 371772403 11691506954
1791525084 gw-search-role-w1 1236364917 2871394304 371772495 11691508894
1791525089 gw-search-role-w1 1236365326 2871394304 371772630 11691510790
1791525094 gw-search-role-w1 1236365570 2871394304 371772703 11691512756
1791525099 gw-search-role-w1 1236366305 2871394304 371772869 11691514616
1791525104 gw-search-role-w1 1236368196 2871394304 371772940 11691516583
1791525109 gw-search-role-w1 1236368796 2871394304 371772998 11691518551
1791525114 gw-search-role-w1 1236369257 2871394304 371773032 11691520543
1791525120 gw-search-role-w1 1236369826 2871394304 371773062 11691522541
1791525125 gw-search-role-w1 1236370237 2871394304 371773134 11691524501
1791525130 gw-search-role-w1 1236370599 2871394304 371773193 11691526467
1791525135 gw-search-role-w1 1236374687 2871431168 371773230 11691528459
1791525140 gw-search-role-w1 1236376946 2871394304 371773293 11691530426
1791525145 gw-search-role-w1 1236377451 2871394304 371773375 11691532364
1791525150 gw-search-role-w1 1236377695 2871394304 371773478 11691534291
1791525155 gw-search-role-w1 1236378179 2871394304 371773541 11691536260
1791525161 gw-search-role-w1 1236379665 2871394304 371773607 11691538223
1791525166 gw-search-role-w1 1236380027 2871394304 371773661 11691540201
1791525171 gw-search-role-w1 1236380560 2871394304 371773700 11691542191
1791525176 gw-search-role-w1 1236381016 2871394304 371773734 11691544192
1791525181 gw-search-role-w1 1236381572 2871394304 371773774 11691546186
1791525186 gw-search-role-w1 1236381872 2871394304 371773839 11691548146
1791525191 gw-search-role-w1 1236382365 2871394304 371773901 11691550103
1791525196 gw-search-role-w1 1236382625 2871394304 371774094 11691551935
1791525201 gw-search-role-w1 1236383082 2871394304 371774232 11691553827
1791525207 gw-search-role-w1 1236383368 2871394304 371774263 11691555828
1791525212 gw-search-role-w1 1236383860 2871394304 371774336 11691557783
1791525217 gw-search-role-w1 1236388140 2871394304 371774518 11691559631
1791525222 gw-search-role-w1 1250360342 2871521280 371776061 11691560118
1791525227 gw-search-role-w1 1265224241 2869522432 371777611 11691560606
1791525232 gw-search-role-w1 1279333013 2869428224 371779073 11691561178
1791525237 gw-search-role-w1 1294170863 2885820416 371780689 11691561598
1791525242 gw-search-role-w1 1308979202 2886959104 371782346 11691561972
1791525248 gw-search-role-w1 1323300511 2885992448 371784017 11691562340
1791525253 gw-search-role-w1 1337339356 2886324224 371785624 11691562774
1791525258 gw-search-role-w1 1352335674 2887823360 371787172 11691563256
1791525263 gw-search-role-w1 1367292010 2885222400 371788713 11691563746
1791525268 gw-search-role-w1 1382313922 2885439488 371790245 11691564254
1791525273 gw-search-role-w1 1397257674 2890936320 371791776 11691564747
1791525278 gw-search-role-w1 1411168829 2892869632 371793278 11691565275
1791525283 gw-search-role-w1 1411196780 2892779520 371793320 11691567263
1791525288 gw-search-role-w1 1411222291 2892759040 371793508 11691569098
1791525294 gw-search-role-w1 1422972914 2893037568 371794805 11691569828
1791525299 gw-search-role-w1 1436876892 2890600448 371796220 11691570440
1791525304 gw-search-role-w1 1447975864 2892345344 371797512 11691571206
1791525309 gw-search-role-w1 1462286864 2893684736 371799121 11691571631
1791525314 gw-search-role-w1 1477358248 2893135872 371800673 11691572124
1791525319 gw-search-role-w1 1490612811 2894389248 371802060 11691572762
1791525324 gw-search-role-w1 1504670416 2890739712 371803520 11691573344
1791525330 gw-search-role-w1 1518229724 2892599296 371805018 11691573876
1791525335 gw-search-role-w1 1531858032 2893246464 371806551 11691574374
1791525340 gw-search-role-w1 1544942782 2891849728 371808058 11691574915
1791525345 gw-search-role-w1 1559099238 2891952128 371809545 11691575459
1791525350 gw-search-role-w1 1570073610 2895839232 371810709 11691576319
1791525355 gw-search-role-w1 1570124951 2895761408 371810876 11691578182
1791525360 gw-search-role-w1 1570142350 2895757312 371810913 11691580173
1791525365 gw-search-role-w1 1570142690 2895757312 371810982 11691582131
1791525370 gw-search-role-w1 1570143365 2895757312 371811183 11691583949
1791525376 gw-search-role-w1 1570143716 2895753216 371811334 11691585827
1791525381 gw-search-role-w1 1570144126 2895753216 371811468 11691587717
1791525386 gw-search-role-w1 1570144446 2895753216 371811621 11691589593
1791525391 gw-search-role-w1 1570144926 2895753216 371811658 11691591590
1791525396 gw-search-role-w1 1570145435 2895753216 371811714 11691593558
1791525401 gw-search-role-w1 1570147029 2895753216 371811778 11691595518
1791525406 gw-search-role-w1 1570147614 2895753216 371811962 11691597358
1791525411 gw-search-role-w1 1570148007 2895753216 371812306 11691599038
1791525416 gw-search-role-w1 1570148583 2895753216 371812366 11691601008
1791525422 gw-search-role-w1 1570149003 2895753216 371812436 11691602969
1791525427 gw-search-role-w1 1570149458 2895753216 371812573 11691604870
1791525432 gw-search-role-w1 1570150137 2895753216 371812634 11691606831
1791525437 gw-search-role-w1 1570150772 2895753216 371812692 11691608803
1791525442 gw-search-role-w1 1570151217 2895753216 371812730 11691610790
1791525447 gw-search-role-w1 1570151592 2895753216 371812886 11691612667
1791525452 gw-search-role-w1 1570152018 2895753216 371813047 11691614532
1791525457 gw-search-role-w1 1570152401 2895753216 371813165 11691616445
1791525462 gw-search-role-w1 1570154025 2895753216 371813407 11691618226
1791525468 gw-search-role-w1 1570154446 2895753216 371813599 11691620060
1791525473 gw-search-role-w1 1570154953 2895753216 371813639 11691622044
1791525478 gw-search-role-w1 1570155236 2895753216 371813767 11691623939
1791525483 gw-search-role-w1 1570155815 2895753216 371813810 11691625933
1791525488 gw-search-role-w1 1570156257 2895753216 371813974 11691627787
1791525493 gw-search-role-w1 1570156996 2895753216 371814072 11691629715
1791525498 gw-search-role-w1 1570157396 2895753216 371814126 11691631687
1791525503 gw-search-role-w1 1570160792 2895753216 371814260 11691633581
1791525508 gw-search-role-w1 1583058081 2895921152 371815672 11691634206
1791525514 gw-search-role-w1 1596517968 2892718080 371817206 11691634712
1791525519 gw-search-role-w1 1609950505 2898173952 371818773 11691635180
1791525524 gw-search-role-w1 1624758758 2894454784 371820281 11691635707
1791525529 gw-search-role-w1 1639200246 2898440192 371821790 11691636233
1791525534 gw-search-role-w1 1654351731 2892599296 371823348 11691636714
1791525539 gw-search-role-w1 1668285520 2895372288 371824766 11691637320
1791525544 gw-search-role-w1 1682891537 2894995456 371826278 11691637854
1791525550 gw-search-role-w1 1697190238 2890223616 371827815 11691638357
1791525555 gw-search-role-w1 1710455979 2891530240 371829383 11691638833
1791525560 gw-search-role-w1 1723572981 2896510976 371830842 11691639415
1791525565 gw-search-role-w1 1735745993 2893762560 371832139 11691640145
1791525570 gw-search-role-w1 1735790440 2893672448 371832263 11691642052
1791525575 gw-search-role-w1 1735814397 2893656064 371832307 11691644047
1791525580 gw-search-role-w1 1746145523 2890997760 371833411 11691644962
1791525585 gw-search-role-w1 1759894804 2894696448 371834823 11691645590
1791525590 gw-search-role-w1 1774065333 2895003648 371836294 11691646146
1791525596 gw-search-role-w1 1788306524 2891812864 371837744 11691646729
1791525601 gw-search-role-w1 1800671384 2892128256 371839030 11691647470
1791525606 gw-search-role-w1 1810184521 2892169216 371839987 11691648508
1791525611 gw-search-role-w1 1821333247 2894274560 371841268 11691649260
1791525616 gw-search-role-w1 1834924530 2892648448 371842750 11691649812
1791525621 gw-search-role-w1 1848494070 2897907712 371844322 11691650275
1791525626 gw-search-role-w1 1861193905 2892288000 371845857 11691650779
1791525631 gw-search-role-w1 1874643025 2893651968 371847237 11691651432
1791525637 gw-search-role-w1 1888396638 2893037568 371848680 11691652019
1791525642 gw-search-role-w1 1888444849 2893340672 371848816 11691653909
1791525647 gw-search-role-w1 1888468951 2893332480 371849039 11691655711
1791525652 gw-search-role-w1 1888469229 2893332480 371849228 11691657549
1791525657 gw-search-role-w1 1888469832 2893332480 371849262 11691659549
1791525662 gw-search-role-w1 1888470128 2893332480 371849471 11691661367
1791525667 gw-search-role-w1 1888470576 2893328384 371849622 11691663241
1791525672 gw-search-role-w1 1888470970 2893328384 371849944 11691664944
1791525678 gw-search-role-w1 1888471490 2893328384 371850008 11691666914
1791525683 gw-search-role-w1 1888471868 2893328384 371850200 11691668750
1791525688 gw-search-role-w1 1888472347 2893328384 371850273 11691670702
1791525693 gw-search-role-w1 1888472797 2893328384 371850434 11691672571
1791525698 gw-search-role-w1 1888473109 2893324288 371850492 11691674533
1791525703 gw-search-role-w1 1888474290 2893324288 371850646 11691676407
1791525708 gw-search-role-w1 1888474535 2893324288 371850711 11691678370
1791525713 gw-search-role-w1 1888474933 2893324288 371850836 11691680278
1791525718 gw-search-role-w1 1888475263 2893324288 371850908 11691682242
1791525724 gw-search-role-w1 1888475697 2893324288 371850941 11691684236
1791525729 gw-search-role-w1 1888476126 2893324288 371851027 11691686170
1791525734 gw-search-role-w1 1888476528 2893324288 371851072 11691688161
1791525739 gw-search-role-w1 1888477169 2893324288 371851134 11691690124
1791525744 gw-search-role-w1 1888477476 2893324288 371851417 11691691872
1791525749 gw-search-role-w1 1888478083 2893324288 371851449 11691693871
1791525754 gw-search-role-w1 1888478383 2893324288 371851481 11691695863
1791525759 gw-search-role-w1 1888479201 2893324288 371851569 11691697797
1791525764 gw-search-role-w1 1888480582 2893324288 371851736 11691699649
1791525770 gw-search-role-w1 1888481237 2893324288 371851796 11691701607
1791525775 gw-search-role-w1 1888481669 2893324288 371851936 11691703499
1791525780 gw-search-role-w1 1888482149 2893324288 371851977 11691705491
1791525785 gw-search-role-w1 1888482565 2893324288 371852147 11691707349
1791525790 gw-search-role-w1 1888482991 2893324288 371852473 11691709047
1791525795 gw-search-role-w1 1888483609 2893324288 371852508 11691711039
1791525800 gw-search-role-w1 1888483866 2893324288 371852798 11691712773
1791525805 gw-search-role-w1 1888490339 2893336576 371852969 11691714628
1791525810 gw-search-role-w1 1888490691 2893336576 371853128 11691716499
1791525816 gw-search-role-w1 1888491209 2893336576 371853162 11691718502
1791525821 gw-search-role-w1 1888492451 2893336576 371853254 11691720432
1791525826 gw-search-role-w1 1888492941 2893336576 371853391 11691722325
1791525831 gw-search-role-w1 1888493557 2893336576 371853583 11691724162
1791525836 gw-search-role-w1 1888493904 2893336576 371853724 11691726050
1791525841 gw-search-role-w1 1888494305 2893336576 371853833 11691727980
1791525846 gw-search-role-w1 1888494533 2893336576 371853993 11691729847
1791525851 gw-search-role-w1 1888495225 2893336576 371854327 11691731543
1791525857 gw-search-role-w1 1888495533 2893336576 371854356 11691733543
1791525862 gw-search-role-w1 1888495904 2893336576 371854419 11691735501
1791525867 gw-search-role-w1 1888496248 2893336576 371854559 11691737390
1791525872 gw-search-role-w1 1888496647 2893336576 371854616 11691739371
1791525877 gw-search-role-w1 1888497275 2893336576 371854877 11691741141
1791525882 gw-search-role-w1 1888502135 2893336576 371854984 11691743053
1791525887 gw-search-role-w1 1888502676 2893336576 371855013 11691745051
1791525892 gw-search-role-w1 1888502943 2893336576 371855214 11691746876
1791525897 gw-search-role-w1 1888503583 2893336576 371855354 11691748775
1791525903 gw-search-role-w1 1888504194 2893336576 371855509 11691750649
1791525908 gw-search-role-w1 1888504938 2893336576 371855816 11691752368
1791525913 gw-search-role-w1 1888505633 2893336576 371855910 11691754295
1791525918 gw-search-role-w1 1888506123 2893336576 371855969 11691756266
1791525923 gw-search-role-w1 1888506619 2893336576 371856017 11691758250
1791525928 gw-search-role-w1 1888506926 2893336576 371856185 11691760114
1791525933 gw-search-role-w1 1888507515 2893336576 371856230 11691762108
1791525938 gw-search-role-w1 1888507825 2893336576 371856258 11691764103
1791525943 gw-search-role-w1 1888511981 2893336576 371856349 11691766032
1791525949 gw-search-role-w1 1888512297 2893336576 371856411 11691767999
1791525954 gw-search-role-w1 1888512770 2893336576 371856447 11691769991
1791525959 gw-search-role-w1 1888513117 2893336576 371856478 11691771989
1791525964 gw-search-role-w1 1888513552 2893336576 371856525 11691773982
1791525969 gw-search-role-w1 1888514265 2893336576 371856821 11691775720
1791525974 gw-search-role-w1 1888520950 2893332480 371857132 11691777430
1791525979 gw-search-role-w1 1888521388 2893332480 371857309 11691779279
1791525984 gw-search-role-w1 1888521686 2893332480 371857345 11691781270
1791525989 gw-search-role-w1 1888522210 2893332480 371857610 11691783036
1791525995 gw-search-role-w1 1888522504 2893332480 371857742 11691784935
1791526000 gw-search-role-w1 1888523178 2893332480 371857854 11691786851
1791526005 gw-search-role-w1 1888524840 2893332480 371857998 11691788737
1791526010 gw-search-role-w1 1888525402 2893332480 371858175 11691790587
1791526015 gw-search-role-w1 1888525817 2893332480 371858336 11691792458
1791526020 gw-search-role-w1 1888526141 2893332480 371858556 11691794269
1791526025 gw-search-role-w1 1888526609 2893332480 371858604 11691796247
1791526030 gw-search-role-w1 1888527025 2893332480 371858697 11691798183
1791526036 gw-search-role-w1 1888527603 2893332480 371858736 11691800189
1791526041 gw-search-role-w1 1888527999 2893332480 371858880 11691802075
1791526046 gw-search-role-w1 1888528408 2893332480 371859030 11691803949
1791526051 gw-search-role-w1 1888528762 2893332480 371859063 11691805943
1791526056 gw-search-role-w1 1888529250 2893332480 371859094 11691807938
1791526061 gw-search-role-w1 1888543640 2893332480 371859283 11691809775
1791526066 gw-search-role-w1 1888544666 2893332480 371859439 11691811641
1791526071 gw-search-role-w1 1888545125 2893332480 371859724 11691813380
1791526076 gw-search-role-w1 1888545408 2893332480 371859993 11691815141
1791526082 gw-search-role-w1 1888545900 2893332480 371860033 11691817133
1791526087 gw-search-role-w1 1888546183 2893332480 371860082 11691819124
1791526092 gw-search-role-w1 1888546802 2893332480 371860183 11691821049
1791526097 gw-search-role-w1 1888547041 2893332480 371860220 11691823048
1791526102 gw-search-role-w1 1888547476 2893332480 371860287 11691825011
1791526107 gw-search-role-w1 1888547814 2893332480 371860430 11691826901
1791526112 gw-search-role-w1 1888548141 2893332480 371860667 11691828693
1791526117 gw-search-role-w1 1888548564 2893332480 371860716 11691830663
1791526122 gw-search-role-w1 1888549725 2893332480 371860798 11691832607
1791526128 gw-search-role-w1 1888550218 2893332480 371860830 11691834600
1791526133 gw-search-role-w1 1888550503 2893332480 371861126 11691836335
1791526138 gw-search-role-w1 1888550967 2893332480 371861158 11691838334
1791526143 gw-search-role-w1 1888551396 2893332480 371861270 11691840244
1791526148 gw-search-role-w1 1888556620 2893332480 371861304 11691842239
1791526153 gw-search-role-w1 1896771338 2894680064 371862181 11691843392
1791526158 gw-search-role-w1 1911675958 2895507456 371863845 11691843765
1791526163 gw-search-role-w1 1925579263 2895208448 371865395 11691844242
1791526168 gw-search-role-w1 1940718311 2895319040 371866942 11691844732
1791526174 gw-search-role-w1 1954886927 2892992512 371868396 11691845309
1791526179 gw-search-role-w1 1969645072 2895560704 371869892 11691845844
1791526184 gw-search-role-w1 1983994165 2897272832 371871433 11691846343
1791526189 gw-search-role-w1 1998642305 2891915264 371873166 11691846655
1791526194 gw-search-role-w1 2012388637 2894172160 371874712 11691847153
1791526199 gw-search-role-w1 2026316021 2894802944 371876226 11691847662
1791526204 gw-search-role-w1 2038842528 2892922880 371877659 11691848263
1791526209 gw-search-role-w1 2053489546 2891964416 371879290 11691848665
1791526215 gw-search-role-w1 2057080428 2895831040 371879926 11691850055
1791526220 gw-search-role-w1 2057126358 2895745024 371880049 11691851959
1791526225 gw-search-role-w1 2065439768 2894741504 371880895 11691853139
1791526230 gw-search-role-w1 2078587124 2891530240 371882341 11691853721
1791526235 gw-search-role-w1 2091663842 2894340096 371883694 11691854398
1791526240 gw-search-role-w1 2105030145 2892845056 371885089 11691855036
1791526245 gw-search-role-w1 2118439568 2898575360 371886492 11691855667
1791526250 gw-search-role-w1 2132261495 2893975552 371888035 11691856155
1791526256 gw-search-role-w1 2146241977 2896502784 371889570 11691856648
1791526261 gw-search-role-w1 2158825611 2926845952 371891011 11691857239
1791526266 gw-search-role-w1 2171874117 2936602624 371892343 11691857941
1791526271 gw-search-role-w1 2185729258 2970054656 371893947 11691858394
1791526276 gw-search-role-w1 2198895466 3002138624 371895311 11691859053
1791526281 gw-search-role-w1 2212072044 3020333056 371896718 11691859686
1791526286 gw-search-role-w1 2213724741 3023142912 371896966 11691861477
1791526291 gw-search-role-w1 2213761798 3023110144 371897004 11691863465
1791526297 gw-search-role-w1 2213767098 3023110144 371897037 11691865458
1791526302 gw-search-role-w1 2213776921 3023106048 371897107 11691867423
1791526307 gw-search-role-w1 2213779827 3023106048 371897183 11691869381
1791526312 gw-search-role-w1 2213784308 3023106048 371897458 11691871137
1791526317 gw-search-role-w1 2213788936 3023106048 371897491 11691873140
1791526322 gw-search-role-w1 2213798383 3023106048 371897522 11691875141
1791526327 gw-search-role-w1 2213803285 3023106048 371897647 11691877047
1791526332 gw-search-role-w1 2213807517 3023106048 371897791 11691878921
1791526338 gw-search-role-w1 2213812679 3023106048 371897830 11691880912
1791526343 gw-search-role-w1 2213817486 3023106048 371897967 11691882800
1791526348 gw-search-role-w1 2213822235 3023101952 371897996 11691884796
1791526353 gw-search-role-w1 2218030829 2701852672 371898433 11691886394
1791526358 gw-search-role-w1 2232789618 2864160768 371899938 11691886909
1791526363 gw-search-role-w1 2247456004 2914824192 371901495 11691887387
1791526368 gw-search-role-w1 2262503536 2967015424 371903154 11691887767
1791526373 gw-search-role-w1 2277436549 2974167040 371904817 11691888136
1791526378 gw-search-role-w1 2291433922 2976362496 371906342 11691888643
1791526384 gw-search-role-w1 2304562770 2980016128 371907707 11691889311
1791526389 gw-search-role-w1 2318695502 2980397056 371909160 11691889886
1791526394 gw-search-role-w1 2332932241 3001024512 371910669 11691890403
1791526399 gw-search-role-w1 2347730828 3002900480 371912169 11691890940
1791526404 gw-search-role-w1 2362580814 3001659392 371913753 11691891402
1791526409 gw-search-role-w1 2376830456 3003084800 371915212 11691891979
1791526414 gw-search-role-w1 2384727558 3012005888 371916078 11691893152
1791526419 gw-search-role-w1 2384804334 3011923968 371916120 11691895141
1791526425 gw-search-role-w1 2384815896 3011923968 371916210 11691897076
1791526430 gw-search-role-w1 2398903452 3022995456 371917771 11691897547
1791526435 gw-search-role-w1 2413330297 3024687104 371919270 11691898098
1791526440 gw-search-role-w1 2426676157 3024384000 371920646 11691898748
1791526445 gw-search-role-w1 2440404142 3025858560 371922054 11691899381
1791526450 gw-search-role-w1 2453307661 3032051712 371923390 11691900065
1791526455 gw-search-role-w1 2467662895 3021934592 371925017 11691900475
1791526460 gw-search-role-w1 2481220078 3022725120 371926444 11691901083
1791526465 gw-search-role-w1 2494790670 3023298560 371927829 11691901727
1791526471 gw-search-role-w1 2508424735 3025203200 371929430 11691902157
1791526476 gw-search-role-w1 2523147360 3027353600 371930933 11691902682
1791526481 gw-search-role-w1 2537290471 3024912384 371932414 11691903234
1791526486 gw-search-role-w1 2548716259 3023622144 371933646 11691904022
1791526491 gw-search-role-w1 2548785795 3023544320 371933713 11691905980
1791526496 gw-search-role-w1 2548815733 3023548416 371933748 11691907975
1791526501 gw-search-role-w1 2560739848 3023253504 371935220 11691908540
1791526506 gw-search-role-w1 2572148103 3027836928 371936393 11691909389
1791526512 gw-search-role-w1 2585751948 3028373504 371937831 11691909982
1791526517 gw-search-role-w1 2599076410 3024740352 371939356 11691910483
1791526522 gw-search-role-w1 2609198035 3029786624 371940420 11691911442
1791526527 gw-search-role-w1 2621639243 3031027712 371941719 11691912185
1791526532 gw-search-role-w1 2635212386 3029237760 371943105 11691912833
1791526537 gw-search-role-w1 2649876819 3039567872 371944627 11691913351
1791526542 gw-search-role-w1 2664628321 3049054208 371946246 11691913760
1791526547 gw-search-role-w1 2677848527 3048181760 371947635 11691914407
1791526553 gw-search-role-w1 2692357300 3052605440 371949156 11691914927
1791526558 gw-search-role-w1 2703312179 3052617728 371950363 11691915744
1791526563 gw-search-role-w1 2703365314 3052527616 371950458 11691917678
1791526568 gw-search-role-w1 2703387966 3052519424 371950500 11691919668
1791526573 gw-search-role-w1 2703393041 3052519424 371950668 11691921522
1791526578 gw-search-role-w1 2704203524 3052552192 371951109 11691923107
1791526583 gw-search-role-w1 2711644547 3054342144 371951929 11691924308
1791526588 gw-search-role-w1 2719165671 3051958272 371952759 11691925510
1791526593 gw-search-role-w1 2724196029 3052208128 371953387 11691926910
1791526599 gw-search-role-w1 2732063231 3051753472 371954213 11691928113
